chr;chunk;chunk_tree_index;tree_start;tree_end
chr20;0;0;0;10000618
chr20;0;1;10000618;10002723
chr20;0;2;10002723;10010474
chr20;0;3;10010474;10012465
chr20;0;4;10012465;10014191
chr20;0;5;10014191;10017646
chr20;0;6;10017646;10019426
chr20;0;7;10019426;10030372
chr20;0;8;10030372;10031836
chr20;0;9;10031836;10037385
chr20;0;10;10037385;10038072
chr20;0;11;10038072;10038263
chr20;0;12;10038263;10038835
chr20;0;13;10038835;10039819
chr20;0;14;10039819;10040210
chr20;0;15;10040210;10042361
chr20;0;16;10042361;10043120
chr20;0;17;10043120;10045203
chr20;0;18;10045203;10045297
chr20;0;19;10045297;10046232
chr20;0;20;10046232;10046319
chr20;0;21;10046319;10046390
chr20;0;22;10046390;10046452
chr20;0;23;10046452;10047338
chr20;0;24;10047338;10047554
chr20;0;25;10047554;10047961
chr20;0;26;10047961;10048166
chr20;0;27;10048166;10048320
chr20;0;28;10048320;10049524
chr20;0;29;10049524;10050871
chr20;0;30;10050871;10051025
chr20;0;31;10051025;10052728
chr20;0;32;10052728;10052775
chr20;0;33;10052775;10054213
chr20;0;34;10054213;10054458
chr20;0;35;10054458;10057705
chr20;0;36;10057705;10059825
chr20;0;37;10059825;10061614
chr20;0;38;10061614;10061862
chr20;0;39;10061862;10062107
chr20;0;40;10062107;10063115
chr20;0;41;10063115;10063617
chr20;0;42;10063617;10064537
chr20;0;43;10064537;10065759
chr20;0;44;10065759;10067445
chr20;0;45;10067445;10067744
chr20;0;46;10067744;10068498
chr20;0;47;10068498;10069321
chr20;0;48;10069321;10071181
chr20;0;49;10071181;10072943
chr20;0;50;10072943;10073291
chr20;0;51;10073291;10074213
chr20;0;52;10074213;10074827
chr20;0;53;10074827;10075976
chr20;0;54;10075976;10075991
chr20;0;55;10075991;10077249
chr20;0;56;10077249;10078046
chr20;0;57;10078046;10080304
chr20;0;58;10080304;10082033
chr20;0;59;10082033;10082871
chr20;0;60;10082871;10083815
chr20;0;61;10083815;10084812
chr20;0;62;10084812;10085723
chr20;0;63;10085723;10087562
chr20;0;64;10087562;10088020
chr20;0;65;10088020;10089870
chr20;0;66;10089870;10091602
chr20;0;67;10091602;10092837
chr20;0;68;10092837;10095139
chr20;0;69;10095139;10096219
chr20;0;70;10096219;10099640
chr20;0;71;10099640;10101844
chr20;0;72;10101844;10110712
chr20;0;73;10110712;10111907
chr20;0;74;10111907;10112926
chr20;0;75;10112926;10114394
chr20;0;76;10114394;10114535
chr20;0;77;10114535;10115978
chr20;0;78;10115978;10116957
chr20;0;79;10116957;10118494
chr20;0;80;10118494;10120922
chr20;0;81;10120922;10121008
chr20;0;82;10121008;10122596
chr20;0;83;10122596;10123532
chr20;0;84;10123532;10123787
chr20;0;85;10123787;10123907
chr20;0;86;10123907;10125477
chr20;0;87;10125477;10125756
chr20;0;88;10125756;10126498
chr20;0;89;10126498;10127226
chr20;0;90;10127226;10128538
chr20;0;91;10128538;10129113
chr20;0;92;10129113;10130462
chr20;0;93;10130462;10131054
chr20;0;94;10131054;10131459
chr20;0;95;10131459;10132750
chr20;0;96;10132750;10133549
chr20;0;97;10133549;10134579
chr20;0;98;10134579;10137974
chr20;0;99;10137974;10138318
chr20;0;100;10138318;10139415
chr20;0;101;10139415;10140163
chr20;0;102;10140163;10141097
chr20;0;103;10141097;10141246
chr20;0;104;10141246;10141841
chr20;0;105;10141841;10144410
chr20;0;106;10144410;10146982
chr20;0;107;10146982;10150633
chr20;0;108;10150633;10151812
chr20;0;109;10151812;10151871
chr20;0;110;10151871;10153841
chr20;0;111;10153841;10157004
chr20;0;112;10157004;10158614
chr20;0;113;10158614;10166050
chr20;0;114;10166050;10167868
chr20;0;115;10167868;10168792
chr20;0;116;10168792;10170549
chr20;0;117;10170549;10178102
chr20;0;118;10178102;10180700
chr20;0;119;10180700;10186357
chr20;0;120;10186357;10188085
chr20;0;121;10188085;10189645
chr20;0;122;10189645;10194225
chr20;0;123;10194225;10194457
chr20;0;124;10194457;10199247
chr20;0;125;10199247;10203162
chr20;0;126;10203162;10204031
chr20;0;127;10204031;10207604
chr20;0;128;10207604;10213299
chr20;0;129;10213299;10217397
chr20;0;130;10217397;10220979
chr20;0;131;10220979;10221375
chr20;0;132;10221375;10222121
chr20;0;133;10222121;10230539
chr20;0;134;10230539;10230910
chr20;0;135;10230910;10236101
chr20;0;136;10236101;10240069
chr20;0;137;10240069;10241959
chr20;0;138;10241959;10242527
chr20;0;139;10242527;10247235
chr20;0;140;10247235;10249018
chr20;0;141;10249018;10249268
chr20;0;142;10249268;10252361
chr20;0;143;10252361;10253092
chr20;0;144;10253092;10256781
chr20;0;145;10256781;10259788
chr20;0;146;10259788;10260860
chr20;0;147;10260860;10261602
chr20;0;148;10261602;10269420
chr20;0;149;10269420;10277540
chr20;0;150;10277540;10281005
chr20;0;151;10281005;10282860
chr20;0;152;10282860;10283526
chr20;0;153;10283526;10284143
chr20;0;154;10284143;10285270
chr20;0;155;10285270;10285947
chr20;0;156;10285947;10290356
chr20;0;157;10290356;10299969
chr20;0;158;10299969;10302247
chr20;0;159;10302247;10304417
chr20;0;160;10304417;10309964
chr20;0;161;10309964;10310352
chr20;0;162;10310352;10312962
chr20;0;163;10312962;10313205
chr20;0;164;10313205;10314491
chr20;0;165;10314491;10315991
chr20;0;166;10315991;10320052
chr20;0;167;10320052;10322272
chr20;0;168;10322272;10325197
chr20;0;169;10325197;10325693
chr20;0;170;10325693;10328363
chr20;0;171;10328363;10331300
chr20;0;172;10331300;10332183
chr20;0;173;10332183;10335509
chr20;0;174;10335509;10335940
chr20;0;175;10335940;10336101
chr20;0;176;10336101;10336617
chr20;0;177;10336617;10337595
chr20;0;178;10337595;10337863
chr20;0;179;10337863;10343241
chr20;0;180;10343241;10343727
chr20;0;181;10343727;10344821
chr20;0;182;10344821;10347480
chr20;0;183;10347480;10348170
chr20;0;184;10348170;10357121
chr20;0;185;10357121;10359486
chr20;0;186;10359486;10360173
chr20;0;187;10360173;10363618
chr20;0;188;10363618;10366163
chr20;0;189;10366163;10370633
chr20;0;190;10370633;10373785
chr20;0;191;10373785;10374151
chr20;0;192;10374151;10378034
chr20;0;193;10378034;10378705
chr20;0;194;10378705;10378920
chr20;0;195;10378920;10378964
chr20;0;196;10378964;10380162
chr20;0;197;10380162;10390126
chr20;0;198;10390126;10392930
chr20;0;199;10392930;10402340
chr20;0;200;10402340;10404272
chr20;0;201;10404272;10405712
chr20;0;202;10405712;10411395
chr20;0;203;10411395;10413754
chr20;0;204;10413754;10415489
chr20;0;205;10415489;10416679
chr20;0;206;10416679;10422873
chr20;0;207;10422873;10426266
chr20;0;208;10426266;10426693
chr20;0;209;10426693;10427914
chr20;0;210;10427914;10428359
chr20;0;211;10428359;10433996
chr20;0;212;10433996;10444150
chr20;0;213;10444150;10444740
chr20;0;214;10444740;10449556
chr20;0;215;10449556;10451548
chr20;0;216;10451548;10451959
chr20;0;217;10451959;10453023
chr20;0;218;10453023;10454352
chr20;0;219;10454352;10454533
chr20;0;220;10454533;10454973
chr20;0;221;10454973;10455826
chr20;0;222;10455826;10456491
chr20;0;223;10456491;10460227
chr20;0;224;10460227;10460526
chr20;0;225;10460526;10462951
chr20;0;226;10462951;10464132
chr20;0;227;10464132;10470743
chr20;0;228;10470743;10476005
chr20;0;229;10476005;10478114
chr20;0;230;10478114;10486039
chr20;0;231;10486039;10493348
chr20;0;232;10493348;10496063
chr20;0;233;10496063;10497156
chr20;0;234;10497156;10500993
chr20;0;235;10500993;10517087
chr20;0;236;10517087;10518015
chr20;0;237;10518015;10529460
chr20;0;238;10529460;10538074
chr20;0;239;10538074;10540706
chr20;0;240;10540706;10552456
chr20;0;241;10552456;10561906
chr20;0;242;10561906;10568722
chr20;0;243;10568722;10570529
chr20;0;244;10570529;10573338
chr20;0;245;10573338;10575544
chr20;0;246;10575544;10580511
chr20;0;247;10580511;10584731
chr20;0;248;10584731;10590800
chr20;0;249;10590800;10598593
chr20;0;250;10598593;10603717
chr20;0;251;10603717;10608935
chr20;0;252;10608935;10610466
chr20;0;253;10610466;10615289
chr20;0;254;10615289;10617929
chr20;0;255;10617929;10618239
chr20;0;256;10618239;10620139
chr20;0;257;10620139;10623189
chr20;0;258;10623189;10624951
chr20;0;259;10624951;10625754
chr20;0;260;10625754;10628365
chr20;0;261;10628365;10631396
chr20;0;262;10631396;10635605
chr20;0;263;10635605;10635893
chr20;0;264;10635893;10636124
chr20;0;265;10636124;10637828
chr20;0;266;10637828;10640377
chr20;0;267;10640377;10641135
chr20;0;268;10641135;10642299
chr20;0;269;10642299;10645188
chr20;0;270;10645188;10645384
chr20;0;271;10645384;10647426
chr20;0;272;10647426;10649859
chr20;0;273;10649859;10650179
chr20;0;274;10650179;10654558
chr20;0;275;10654558;10658410
chr20;0;276;10658410;10661754
chr20;0;277;10661754;10665293
chr20;0;278;10665293;10671017
chr20;0;279;10671017;10673174
chr20;0;280;10673174;10674225
chr20;0;281;10674225;10675233
chr20;0;282;10675233;10683497
chr20;0;283;10683497;10686028
chr20;0;284;10686028;10686462
chr20;0;285;10686462;10687163
chr20;0;286;10687163;10699523
chr20;0;287;10699523;10705017
chr20;0;288;10705017;10707763
chr20;0;289;10707763;10711561
chr20;0;290;10711561;10711994
chr20;0;291;10711994;10712576
chr20;0;292;10712576;10715819
chr20;0;293;10715819;10716282
chr20;0;294;10716282;10716640
chr20;0;295;10716640;10718127
chr20;0;296;10718127;10718791
chr20;0;297;10718791;10720125
chr20;0;298;10720125;10721022
chr20;0;299;10721022;10726446
chr20;0;300;10726446;10727141
chr20;0;301;10727141;10728093
chr20;0;302;10728093;10729850
chr20;0;303;10729850;10731912
chr20;0;304;10731912;10733063
chr20;0;305;10733063;10736722
chr20;0;306;10736722;10739750
chr20;0;307;10739750;10740212
chr20;0;308;10740212;10743904
chr20;0;309;10743904;10746334
chr20;0;310;10746334;10755600
chr20;0;311;10755600;10757285
chr20;0;312;10757285;10761143
chr20;0;313;10761143;10765304
chr20;0;314;10765304;10768687
chr20;0;315;10768687;10770581
chr20;0;316;10770581;10774432
chr20;0;317;10774432;10775270
chr20;0;318;10775270;10775883
chr20;0;319;10775883;10786104
chr20;0;320;10786104;10796967
chr20;0;321;10796967;10804509
chr20;0;322;10804509;10808631
chr20;0;323;10808631;10818587
chr20;0;324;10818587;10821452
chr20;0;325;10821452;10821913
chr20;0;326;10821913;10822191
chr20;0;327;10822191;10829625
chr20;0;328;10829625;10832380
chr20;0;329;10832380;10834727
chr20;0;330;10834727;10841048
chr20;0;331;10841048;10845304
chr20;0;332;10845304;10848335
chr20;0;333;10848335;10849750
chr20;0;334;10849750;10857841
chr20;0;335;10857841;10859292
chr20;0;336;10859292;10865563
chr20;0;337;10865563;10866844
chr20;0;338;10866844;10867220
chr20;0;339;10867220;10873439
chr20;0;340;10873439;10874221
chr20;0;341;10874221;10881017
chr20;0;342;10881017;10881384
chr20;0;343;10881384;10888355
chr20;0;344;10888355;10893785
chr20;0;345;10893785;10897386
chr20;0;346;10897386;10899951
chr20;0;347;10899951;10901002
chr20;0;348;10901002;10901324
chr20;0;349;10901324;10902527
chr20;0;350;10902527;10902904
chr20;0;351;10902904;10903571
chr20;0;352;10903571;10904312
chr20;0;353;10904312;10907652
chr20;0;354;10907652;10909499
chr20;0;355;10909499;10918521
chr20;0;356;10918521;10920726
chr20;0;357;10920726;10924406
chr20;0;358;10924406;10924603
chr20;0;359;10924603;10931820
chr20;0;360;10931820;10936460
chr20;0;361;10936460;10941033
chr20;0;362;10941033;10948051
chr20;0;363;10948051;10951505
chr20;0;364;10951505;10951794
chr20;0;365;10951794;10961722
chr20;0;366;10961722;10967776
chr20;0;367;10967776;10975379
chr20;0;368;10975379;10976111
chr20;0;369;10976111;10980575
chr20;0;370;10980575;10984541
chr20;0;371;10984541;10989109
chr20;0;372;10989109;10990648
chr20;0;373;10990648;10990867
chr20;0;374;10990867;11000485
chr20;0;375;11000485;11003611
chr20;0;376;11003611;11006102
chr20;0;377;11006102;11008657
chr20;0;378;11008657;11011626
chr20;0;379;11011626;11011927
chr20;0;380;11011927;11014855
chr20;0;381;11014855;11015164
chr20;0;382;11015164;11017093
chr20;0;383;11017093;11021837
chr20;0;384;11021837;11023808
chr20;0;385;11023808;11023879
chr20;0;386;11023879;11026027
chr20;0;387;11026027;11040444
chr20;0;388;11040444;11040616
chr20;0;389;11040616;11042373
chr20;0;390;11042373;11046400
chr20;0;391;11046400;11047659
chr20;0;392;11047659;11051558
chr20;0;393;11051558;11057747
chr20;0;394;11057747;11062887
chr20;0;395;11062887;11065621
chr20;0;396;11065621;11065727
chr20;0;397;11065727;11069467
chr20;0;398;11069467;11073162
chr20;0;399;11073162;11078257
chr20;0;400;11078257;11078789
chr20;0;401;11078789;11086594
chr20;0;402;11086594;11087710
chr20;0;403;11087710;11093633
chr20;0;404;11093633;11097900
chr20;0;405;11097900;11098433
chr20;0;406;11098433;11106308
chr20;0;407;11106308;11108031
chr20;0;408;11108031;11110974
chr20;0;409;11110974;11115333
chr20;0;410;11115333;11118728
chr20;0;411;11118728;11122296
chr20;0;412;11122296;11126938
chr20;0;413;11126938;11128536
chr20;0;414;11128536;11130505
chr20;0;415;11130505;11136380
chr20;0;416;11136380;11140059
chr20;0;417;11140059;11140753
chr20;0;418;11140753;11141092
chr20;0;419;11141092;11141826
chr20;0;420;11141826;11142866
chr20;0;421;11142866;11145257
chr20;0;422;11145257;11146200
chr20;0;423;11146200;11147707
chr20;0;424;11147707;11152835
chr20;0;425;11152835;11155546
chr20;0;426;11155546;11163309
chr20;0;427;11163309;11165888
chr20;0;428;11165888;11168350
chr20;0;429;11168350;11169371
chr20;0;430;11169371;11170654
chr20;0;431;11170654;11171125
chr20;0;432;11171125;11173869
chr20;0;433;11173869;11176284
chr20;0;434;11176284;11178715
chr20;0;435;11178715;11180885
chr20;0;436;11180885;11190695
chr20;0;437;11190695;11192426
chr20;0;438;11192426;11193485
chr20;0;439;11193485;11195904
chr20;0;440;11195904;11200391
chr20;0;441;11200391;11200422
chr20;0;442;11200422;11202119
chr20;0;443;11202119;11209512
chr20;0;444;11209512;11210417
chr20;0;445;11210417;11213395
chr20;0;446;11213395;11214063
chr20;0;447;11214063;11216801
chr20;0;448;11216801;11219924
chr20;0;449;11219924;11221344
chr20;0;450;11221344;11221847
chr20;0;451;11221847;11222556
chr20;0;452;11222556;11230454
chr20;0;453;11230454;11231453
chr20;0;454;11231453;11232978
chr20;0;455;11232978;11233292
chr20;0;456;11233292;11240289
chr20;0;457;11240289;11242967
chr20;0;458;11242967;11243172
chr20;0;459;11243172;11243257
chr20;0;460;11243257;11243522
chr20;0;461;11243522;11244217
chr20;0;462;11244217;11244750
chr20;0;463;11244750;11245141
chr20;0;464;11245141;11245320
chr20;0;465;11245320;11246702
chr20;0;466;11246702;11247310
chr20;0;467;11247310;11247646
chr20;0;468;11247646;11247802
chr20;0;469;11247802;11248149
chr20;0;470;11248149;11248588
chr20;0;471;11248588;11249133
chr20;0;472;11249133;11250900
chr20;0;473;11250900;11251235
chr20;0;474;11251235;11251319
chr20;0;475;11251319;11251421
chr20;0;476;11251421;11254007
chr20;0;477;11254007;11254516
chr20;0;478;11254516;11255875
chr20;0;479;11255875;11256155
chr20;0;480;11256155;11256289
chr20;0;481;11256289;11257119
chr20;0;482;11257119;11259481
chr20;0;483;11259481;11260097
chr20;0;484;11260097;11260425
chr20;0;485;11260425;11264426
chr20;0;486;11264426;11268787
chr20;0;487;11268787;11272899
chr20;0;488;11272899;11274077
chr20;0;489;11274077;11276302
chr20;0;490;11276302;11279540
chr20;0;491;11279540;11282394
chr20;0;492;11282394;11284870
chr20;0;493;11284870;11288903
chr20;0;494;11288903;11290579
chr20;0;495;11290579;11296343
chr20;0;496;11296343;11302334
chr20;0;497;11302334;11311612
chr20;0;498;11311612;11317313
chr20;0;499;11317313;11318866
chr20;0;500;11318866;11319606
chr20;0;501;11319606;11330591
chr20;0;502;11330591;11332727
chr20;0;503;11332727;11339506
chr20;0;504;11339506;11348794
chr20;0;505;11348794;11354419
chr20;0;506;11354419;11356261
chr20;0;507;11356261;11364697
chr20;0;508;11364697;11364991
chr20;0;509;11364991;11368351
chr20;0;510;11368351;11372437
chr20;0;511;11372437;11375756
chr20;0;512;11375756;11375882
chr20;0;513;11375882;11382046
chr20;0;514;11382046;11385201
chr20;0;515;11385201;11388109
chr20;0;516;11388109;11394159
chr20;0;517;11394159;11398165
chr20;0;518;11398165;11410218
chr20;0;519;11410218;11411218
chr20;0;520;11411218;11411464
chr20;0;521;11411464;11415476
chr20;0;522;11415476;11424930
chr20;0;523;11424930;11433148
chr20;0;524;11433148;11440075
chr20;0;525;11440075;11448851
chr20;0;526;11448851;11471560
chr20;0;527;11471560;11474532
chr20;0;528;11474532;11481675
chr20;0;529;11481675;11490936
chr20;0;530;11490936;11493838
chr20;0;531;11493838;11499497
chr20;0;532;11499497;11502195
chr20;0;533;11502195;11506184
chr20;0;534;11506184;11507026
chr20;0;535;11507026;11509547
chr20;0;536;11509547;11516067
chr20;0;537;11516067;11516646
chr20;0;538;11516646;11521292
chr20;0;539;11521292;11523829
chr20;0;540;11523829;11532660
chr20;0;541;11532660;11533683
chr20;0;542;11533683;11536616
chr20;0;543;11536616;11537688
chr20;0;544;11537688;11539998
chr20;0;545;11539998;11547951
chr20;0;546;11547951;11548140
chr20;0;547;11548140;11552403
chr20;0;548;11552403;11555327
chr20;0;549;11555327;11563607
chr20;0;550;11563607;11569357
chr20;0;551;11569357;11575411
chr20;0;552;11575411;11576959
chr20;0;553;11576959;11580351
chr20;0;554;11580351;11583302
chr20;0;555;11583302;11589194
chr20;0;556;11589194;11592370
chr20;0;557;11592370;11596102
chr20;0;558;11596102;11600286
chr20;0;559;11600286;11607492
chr20;0;560;11607492;11608250
chr20;0;561;11608250;11616421
chr20;0;562;11616421;11622099
chr20;0;563;11622099;11624021
chr20;0;564;11624021;11634848
chr20;0;565;11634848;11637025
chr20;0;566;11637025;11643797
chr20;0;567;11643797;11652700
chr20;0;568;11652700;11656152
chr20;0;569;11656152;11660034
chr20;0;570;11660034;11664171
chr20;0;571;11664171;11669992
chr20;0;572;11669992;11670321
chr20;0;573;11670321;11670372
chr20;0;574;11670372;11675609
chr20;0;575;11675609;11678786
chr20;0;576;11678786;11682058
chr20;0;577;11682058;11688009
chr20;0;578;11688009;11690057
chr20;0;579;11690057;11697560
chr20;0;580;11697560;11702046
chr20;0;581;11702046;11704342
chr20;0;582;11704342;11709302
chr20;0;583;11709302;11719203
chr20;0;584;11719203;11720561
chr20;0;585;11720561;11723946
chr20;0;586;11723946;11726761
chr20;0;587;11726761;11733495
chr20;0;588;11733495;11735545
chr20;0;589;11735545;11741649
chr20;0;590;11741649;11742553
chr20;0;591;11742553;11744516
chr20;0;592;11744516;11751598
chr20;0;593;11751598;11760499
chr20;0;594;11760499;11762282
chr20;0;595;11762282;11764944
chr20;0;596;11764944;11767049
chr20;0;597;11767049;11769164
chr20;0;598;11769164;11778599
chr20;0;599;11778599;11778652
chr20;0;600;11778652;11779398
chr20;0;601;11779398;11785972
chr20;0;602;11785972;11786639
chr20;0;603;11786639;11787413
chr20;0;604;11787413;11788659
chr20;0;605;11788659;11792776
chr20;0;606;11792776;11798479
chr20;0;607;11798479;11803568
chr20;0;608;11803568;11809338
chr20;0;609;11809338;11811006
chr20;0;610;11811006;11814293
chr20;0;611;11814293;11826459
chr20;0;612;11826459;11831920
chr20;0;613;11831920;11835258
chr20;0;614;11835258;11844522
chr20;0;615;11844522;11846643
chr20;0;616;11846643;11848304
chr20;0;617;11848304;11861816
chr20;0;618;11861816;11872382
chr20;0;619;11872382;11886098
chr20;0;620;11886098;11889361
chr20;0;621;11889361;11901276
chr20;0;622;11901276;11907391
chr20;0;623;11907391;11912653
chr20;0;624;11912653;11916796
chr20;0;625;11916796;11919983
chr20;0;626;11919983;11924251
chr20;0;627;11924251;11930920
chr20;0;628;11930920;11933656
chr20;0;629;11933656;11934587
chr20;0;630;11934587;11937978
chr20;0;631;11937978;11941087
chr20;0;632;11941087;11943338
chr20;0;633;11943338;11945644
chr20;0;634;11945644;11951290
chr20;0;635;11951290;11959308
chr20;0;636;11959308;11962135
chr20;0;637;11962135;11970531
chr20;0;638;11970531;11971812
chr20;0;639;11971812;11978086
chr20;0;640;11978086;11981403
chr20;0;641;11981403;11981950
chr20;0;642;11981950;11993040
chr20;0;643;11993040;11999894
chr20;0;644;11999894;12002077
chr20;0;645;12002077;12004141
chr20;0;646;12004141;12007099
chr20;0;647;12007099;12010538
chr20;0;648;12010538;12012062
chr20;0;649;12012062;12012183
chr20;0;650;12012183;12013107
chr20;0;651;12013107;12013683
chr20;0;652;12013683;12015113
chr20;0;653;12015113;12015744
chr20;0;654;12015744;12017887
chr20;0;655;12017887;12019974
chr20;0;656;12019974;12022683
chr20;0;657;12022683;12031493
chr20;0;658;12031493;12032359
chr20;0;659;12032359;12043720
chr20;0;660;12043720;12045152
chr20;0;661;12045152;12053732
chr20;0;662;12053732;12057001
chr20;0;663;12057001;12057853
chr20;0;664;12057853;12061818
chr20;0;665;12061818;12061856
chr20;0;666;12061856;12065031
chr20;0;667;12065031;12065903
chr20;0;668;12065903;12066820
chr20;0;669;12066820;12069318
chr20;0;670;12069318;12075702
chr20;0;671;12075702;12077026
chr20;0;672;12077026;12078844
chr20;0;673;12078844;12081881
chr20;0;674;12081881;12091951
chr20;0;675;12091951;12093964
chr20;0;676;12093964;12096016
chr20;0;677;12096016;12099792
chr20;0;678;12099792;12099999
chr20;0;679;12099999;12102777
chr20;0;680;12102777;12108716
chr20;0;681;12108716;12112066
chr20;0;682;12112066;12127185
chr20;0;683;12127185;12130922
chr20;0;684;12130922;12136930
chr20;0;685;12136930;12145705
chr20;0;686;12145705;12151642
chr20;0;687;12151642;12151686
chr20;0;688;12151686;12151838
chr20;0;689;12151838;12153458
chr20;0;690;12153458;12154538
chr20;0;691;12154538;12155125
chr20;0;692;12155125;12155808
chr20;0;693;12155808;12156615
chr20;0;694;12156615;12157909
chr20;0;695;12157909;12159054
chr20;0;696;12159054;12160137
chr20;0;697;12160137;12162543
chr20;0;698;12162543;12165140
chr20;0;699;12165140;12168653
chr20;0;700;12168653;12173754
chr20;0;701;12173754;12176250
chr20;0;702;12176250;12178451
chr20;0;703;12178451;12181484
chr20;0;704;12181484;12188300
chr20;0;705;12188300;12192563
chr20;0;706;12192563;12195658
chr20;0;707;12195658;12200370
chr20;0;708;12200370;12206063
chr20;0;709;12206063;12211517
chr20;0;710;12211517;12220305
chr20;0;711;12220305;12220675
chr20;0;712;12220675;12221145
chr20;0;713;12221145;12223304
chr20;0;714;12223304;12223929
chr20;0;715;12223929;12224668
chr20;0;716;12224668;12224935
chr20;0;717;12224935;12225674
chr20;0;718;12225674;12229629
chr20;0;719;12229629;12232982
chr20;0;720;12232982;12233978
chr20;0;721;12233978;12238370
chr20;0;722;12238370;12242840
chr20;0;723;12242840;12244095
chr20;0;724;12244095;12246284
chr20;0;725;12246284;12247968
chr20;0;726;12247968;12252001
chr20;0;727;12252001;12263137
chr20;0;728;12263137;12264023
chr20;0;729;12264023;12266797
chr20;0;730;12266797;12272462
chr20;0;731;12272462;12273243
chr20;0;732;12273243;12274089
chr20;0;733;12274089;12274987
chr20;0;734;12274987;12278624
chr20;0;735;12278624;12281033
chr20;0;736;12281033;12283076
chr20;0;737;12283076;12291510
chr20;0;738;12291510;12293926
chr20;0;739;12293926;12294997
chr20;0;740;12294997;12295685
chr20;0;741;12295685;12296094
chr20;0;742;12296094;12297346
chr20;0;743;12297346;12298221
chr20;0;744;12298221;12300670
chr20;0;745;12300670;12303656
chr20;0;746;12303656;12306646
chr20;0;747;12306646;12316192
chr20;0;748;12316192;12318724
chr20;0;749;12318724;12321303
chr20;0;750;12321303;12327138
chr20;0;751;12327138;12329936
chr20;0;752;12329936;12335993
chr20;0;753;12335993;12339666
chr20;0;754;12339666;12344191
chr20;0;755;12344191;12349532
chr20;0;756;12349532;12352047
chr20;0;757;12352047;12352109
chr20;0;758;12352109;12352604
chr20;0;759;12352604;12355309
chr20;0;760;12355309;12357000
chr20;0;761;12357000;12358486
chr20;0;762;12358486;12363111
chr20;0;763;12363111;12364094
chr20;0;764;12364094;12366670
chr20;0;765;12366670;12366842
chr20;0;766;12366842;12369124
chr20;0;767;12369124;12373107
chr20;0;768;12373107;12375655
chr20;0;769;12375655;12384829
chr20;0;770;12384829;12386810
chr20;0;771;12386810;12396125
chr20;0;772;12396125;12396999
chr20;0;773;12396999;12408913
chr20;0;774;12408913;12410172
chr20;0;775;12410172;12415991
chr20;0;776;12415991;12422226
chr20;0;777;12422226;12436788
chr20;0;778;12436788;12438528
chr20;0;779;12438528;12446282
chr20;0;780;12446282;12448248
chr20;0;781;12448248;12448395
chr20;0;782;12448395;12450728
chr20;0;783;12450728;12455313
chr20;0;784;12455313;12464398
chr20;0;785;12464398;12466895
chr20;0;786;12466895;12467981
chr20;0;787;12467981;12474035
chr20;0;788;12474035;12481925
chr20;0;789;12481925;12481980
chr20;0;790;12481980;12490342
chr20;0;791;12490342;12491269
chr20;0;792;12491269;12492177
chr20;0;793;12492177;12496738
chr20;0;794;12496738;12498226
chr20;0;795;12498226;12499355
chr20;0;796;12499355;12503787
chr20;0;797;12503787;12506174
chr20;0;798;12506174;12506852
chr20;0;799;12506852;12507779
chr20;0;800;12507779;12507963
chr20;0;801;12507963;12511997
chr20;0;802;12511997;12512355
chr20;0;803;12512355;12513489
chr20;0;804;12513489;12514534
chr20;0;805;12514534;12519917
chr20;0;806;12519917;12522986
chr20;0;807;12522986;12526112
chr20;0;808;12526112;12531441
chr20;0;809;12531441;12534224
chr20;0;810;12534224;12545422
chr20;0;811;12545422;12556692
chr20;0;812;12556692;12559661
chr20;0;813;12559661;12575157
chr20;0;814;12575157;12581718
chr20;0;815;12581718;12583400
chr20;0;816;12583400;12590978
chr20;0;817;12590978;12593960
chr20;0;818;12593960;12599194
chr20;0;819;12599194;12602768
chr20;0;820;12602768;12605022
chr20;0;821;12605022;12607480
chr20;0;822;12607480;12611642
chr20;0;823;12611642;12612870
chr20;0;824;12612870;12617144
chr20;0;825;12617144;12621985
chr20;0;826;12621985;12623928
chr20;0;827;12623928;12624709
chr20;0;828;12624709;12631923
chr20;0;829;12631923;12633414
chr20;0;830;12633414;12635122
chr20;0;831;12635122;12636992
chr20;0;832;12636992;12637963
chr20;0;833;12637963;12638002
chr20;0;834;12638002;12638830
chr20;0;835;12638830;12639493
chr20;0;836;12639493;12642317
chr20;0;837;12642317;12643414
chr20;0;838;12643414;12651640
chr20;0;839;12651640;12653019
chr20;0;840;12653019;12653689
chr20;0;841;12653689;12653988
chr20;0;842;12653988;12655035
chr20;0;843;12655035;12656589
chr20;0;844;12656589;12657671
chr20;0;845;12657671;12658493
chr20;0;846;12658493;12660456
chr20;0;847;12660456;12662011
chr20;0;848;12662011;12663653
chr20;0;849;12663653;12665657
chr20;0;850;12665657;12671061
chr20;0;851;12671061;12671506
chr20;0;852;12671506;12684249
chr20;0;853;12684249;12688115
chr20;0;854;12688115;12688869
chr20;0;855;12688869;12689137
chr20;0;856;12689137;12690012
chr20;0;857;12690012;12690377
chr20;0;858;12690377;12691586
chr20;0;859;12691586;12694075
chr20;0;860;12694075;12697604
chr20;0;861;12697604;12701106
chr20;0;862;12701106;12703806
chr20;0;863;12703806;12705487
chr20;0;864;12705487;12707283
chr20;0;865;12707283;12708690
chr20;0;866;12708690;12709515
chr20;0;867;12709515;12712592
chr20;0;868;12712592;12716393
chr20;0;869;12716393;12719028
chr20;0;870;12719028;12719936
chr20;0;871;12719936;12721605
chr20;0;872;12721605;12723128
chr20;0;873;12723128;12723623
chr20;0;874;12723623;12725646
chr20;0;875;12725646;12728198
chr20;0;876;12728198;12728426
chr20;0;877;12728426;12731239
chr20;0;878;12731239;12734252
chr20;0;879;12734252;12735546
chr20;0;880;12735546;12739040
chr20;0;881;12739040;12747501
chr20;0;882;12747501;12751596
chr20;0;883;12751596;12752337
chr20;0;884;12752337;12759909
chr20;0;885;12759909;12760502
chr20;0;886;12760502;12765872
chr20;0;887;12765872;12772147
chr20;0;888;12772147;12778216
chr20;0;889;12778216;12779718
chr20;0;890;12779718;12780872
chr20;0;891;12780872;12790854
chr20;0;892;12790854;12795952
chr20;0;893;12795952;12801208
chr20;0;894;12801208;12803442
chr20;0;895;12803442;12815589
chr20;0;896;12815589;12818880
chr20;0;897;12818880;12820255
chr20;0;898;12820255;12821614
chr20;0;899;12821614;12824227
chr20;0;900;12824227;12825184
chr20;0;901;12825184;12825829
chr20;0;902;12825829;12827277
chr20;0;903;12827277;12828695
chr20;0;904;12828695;12829886
chr20;0;905;12829886;12840212
chr20;0;906;12840212;12844739
chr20;0;907;12844739;12847612
chr20;0;908;12847612;12853940
chr20;0;909;12853940;12855187
chr20;0;910;12855187;12856243
chr20;0;911;12856243;12861120
chr20;0;912;12861120;12863195
chr20;0;913;12863195;12870426
chr20;0;914;12870426;12873898
chr20;0;915;12873898;12878006
chr20;0;916;12878006;12880749
chr20;0;917;12880749;12893707
chr20;0;918;12893707;12894905
chr20;0;919;12894905;12900879
chr20;0;920;12900879;12901557
chr20;0;921;12901557;12903920
chr20;0;922;12903920;12905900
chr20;0;923;12905900;12908400
chr20;0;924;12908400;12912738
chr20;0;925;12912738;12919608
chr20;0;926;12919608;12920272
chr20;0;927;12920272;12923559
chr20;0;928;12923559;12925486
chr20;0;929;12925486;12927511
chr20;0;930;12927511;12930353
chr20;0;931;12930353;12931854
chr20;0;932;12931854;12932206
chr20;0;933;12932206;12932731
chr20;0;934;12932731;12933122
chr20;0;935;12933122;12934725
chr20;0;936;12934725;12937192
chr20;0;937;12937192;12937930
chr20;0;938;12937930;12941275
chr20;0;939;12941275;12946319
chr20;0;940;12946319;12951254
chr20;0;941;12951254;12959597
chr20;0;942;12959597;12970401
chr20;0;943;12970401;12982088
chr20;0;944;12982088;12987320
chr20;0;945;12987320;12988832
chr20;0;946;12988832;12994327
chr20;0;947;12994327;12997635
chr20;0;948;12997635;12998003
chr20;0;949;12998003;13001383
chr20;0;950;13001383;13009193
chr20;0;951;13009193;13015523
chr20;0;952;13015523;13023072
chr20;0;953;13023072;13024868
chr20;0;954;13024868;13025052
chr20;0;955;13025052;13027331
chr20;0;956;13027331;13032340
chr20;0;957;13032340;13034770
chr20;0;958;13034770;13038484
chr20;0;959;13038484;13051375
chr20;0;960;13051375;13051767
chr20;0;961;13051767;13056649
chr20;0;962;13056649;13066847
chr20;0;963;13066847;13069799
chr20;0;964;13069799;13072119
chr20;0;965;13072119;13072265
chr20;0;966;13072265;13072600
chr20;0;967;13072600;13072909
chr20;0;968;13072909;13073678
chr20;0;969;13073678;13073910
chr20;0;970;13073910;13074147
chr20;0;971;13074147;13074742
chr20;0;972;13074742;13075141
chr20;0;973;13075141;13077954
chr20;0;974;13077954;13078756
chr20;0;975;13078756;13080975
chr20;0;976;13080975;13084434
chr20;0;977;13084434;13087851
chr20;0;978;13087851;13096685
chr20;0;979;13096685;13102818
chr20;0;980;13102818;13103753
chr20;0;981;13103753;13105830
chr20;0;982;13105830;13106512
chr20;0;983;13106512;13121523
chr20;0;984;13121523;13124978
chr20;0;985;13124978;13134021
chr20;0;986;13134021;13135242
chr20;0;987;13135242;13137249
chr20;0;988;13137249;13139124
chr20;0;989;13139124;13141246
chr20;0;990;13141246;13162351
chr20;0;991;13162351;13168172
chr20;0;992;13168172;13171667
chr20;0;993;13171667;13175816
chr20;0;994;13175816;13179292
chr20;0;995;13179292;13186992
chr20;0;996;13186992;13188346
chr20;0;997;13188346;13195851
chr20;0;998;13195851;13199718
chr20;0;999;13199718;13202887
chr20;1;1;13202887;13205928
chr20;1;2;13205928;13206414
chr20;1;3;13206414;13208763
chr20;1;4;13208763;13209231
chr20;1;5;13209231;13210365
chr20;1;6;13210365;13210621
chr20;1;7;13210621;13211253
chr20;1;8;13211253;13211918
chr20;1;9;13211918;13215118
chr20;1;10;13215118;13221606
chr20;1;11;13221606;13223706
chr20;1;12;13223706;13232058
chr20;1;13;13232058;13233033
chr20;1;14;13233033;13234136
chr20;1;15;13234136;13234301
chr20;1;16;13234301;13236472
chr20;1;17;13236472;13237691
chr20;1;18;13237691;13237967
chr20;1;19;13237967;13238828
chr20;1;20;13238828;13240007
chr20;1;21;13240007;13241061
chr20;1;22;13241061;13243276
chr20;1;23;13243276;13246681
chr20;1;24;13246681;13248543
chr20;1;25;13248543;13250638
chr20;1;26;13250638;13250860
chr20;1;27;13250860;13251116
chr20;1;28;13251116;13252093
chr20;1;29;13252093;13252602
chr20;1;30;13252602;13255170
chr20;1;31;13255170;13256447
chr20;1;32;13256447;13257736
chr20;1;33;13257736;13258277
chr20;1;34;13258277;13258448
chr20;1;35;13258448;13259467
chr20;1;36;13259467;13260629
chr20;1;37;13260629;13260812
chr20;1;38;13260812;13263400
chr20;1;39;13263400;13265999
chr20;1;40;13265999;13267594
chr20;1;41;13267594;13268477
chr20;1;42;13268477;13268834
chr20;1;43;13268834;13269135
chr20;1;44;13269135;13269297
chr20;1;45;13269297;13270359
chr20;1;46;13270359;13270555
chr20;1;47;13270555;13276818
chr20;1;48;13276818;13279189
chr20;1;49;13279189;13281034
chr20;1;50;13281034;13282173
chr20;1;51;13282173;13284680
chr20;1;52;13284680;13286760
chr20;1;53;13286760;13288073
chr20;1;54;13288073;13289879
chr20;1;55;13289879;13290750
chr20;1;56;13290750;13291341
chr20;1;57;13291341;13292047
chr20;1;58;13292047;13292074
chr20;1;59;13292074;13293697
chr20;1;60;13293697;13296243
chr20;1;61;13296243;13297212
chr20;1;62;13297212;13301103
chr20;1;63;13301103;13301208
chr20;1;64;13301208;13303523
chr20;1;65;13303523;13305075
chr20;1;66;13305075;13308379
chr20;1;67;13308379;13313223
chr20;1;68;13313223;13314155
chr20;1;69;13314155;13315037
chr20;1;70;13315037;13317385
chr20;1;71;13317385;13322357
chr20;1;72;13322357;13322819
chr20;1;73;13322819;13323563
chr20;1;74;13323563;13326336
chr20;1;75;13326336;13326763
chr20;1;76;13326763;13327381
chr20;1;77;13327381;13329606
chr20;1;78;13329606;13332755
chr20;1;79;13332755;13341369
chr20;1;80;13341369;13348926
chr20;1;81;13348926;13349251
chr20;1;82;13349251;13351831
chr20;1;83;13351831;13357899
chr20;1;84;13357899;13358705
chr20;1;85;13358705;13365775
chr20;1;86;13365775;13368406
chr20;1;87;13368406;13369790
chr20;1;88;13369790;13377092
chr20;1;89;13377092;13389664
chr20;1;90;13389664;13397489
chr20;1;91;13397489;13398003
chr20;1;92;13398003;13407074
chr20;1;93;13407074;13409989
chr20;1;94;13409989;13432112
chr20;1;95;13432112;13439094
chr20;1;96;13439094;13442267
chr20;1;97;13442267;13443056
chr20;1;98;13443056;13465475
chr20;1;99;13465475;13468898
chr20;1;100;13468898;13469660
chr20;1;101;13469660;13471129
chr20;1;102;13471129;13481455
chr20;1;103;13481455;13489873
chr20;1;104;13489873;13491328
chr20;1;105;13491328;13495498
chr20;1;106;13495498;13509473
chr20;1;107;13509473;13511893
chr20;1;108;13511893;13513570
chr20;1;109;13513570;13529137
chr20;1;110;13529137;13529343
chr20;1;111;13529343;13535334
chr20;1;112;13535334;13559103
chr20;1;113;13559103;13563638
chr20;1;114;13563638;13567193
chr20;1;115;13567193;13572961
chr20;1;116;13572961;13575163
chr20;1;117;13575163;13586528
chr20;1;118;13586528;13591119
chr20;1;119;13591119;13592253
chr20;1;120;13592253;13597223
chr20;1;121;13597223;13609184
chr20;1;122;13609184;13617264
chr20;1;123;13617264;13637967
chr20;1;124;13637967;13639269
chr20;1;125;13639269;13643755
chr20;1;126;13643755;13646781
chr20;1;127;13646781;13665645
chr20;1;128;13665645;13671349
chr20;1;129;13671349;13672480
chr20;1;130;13672480;13676280
chr20;1;131;13676280;13679377
chr20;1;132;13679377;13680402
chr20;1;133;13680402;13682867
chr20;1;134;13682867;13686894
chr20;1;135;13686894;13687668
chr20;1;136;13687668;13688894
chr20;1;137;13688894;13689823
chr20;1;138;13689823;13690356
chr20;1;139;13690356;13693770
chr20;1;140;13693770;13694019
chr20;1;141;13694019;13694864
chr20;1;142;13694864;13696323
chr20;1;143;13696323;13697964
chr20;1;144;13697964;13700904
chr20;1;145;13700904;13702100
chr20;1;146;13702100;13703867
chr20;1;147;13703867;13705940
chr20;1;148;13705940;13711557
chr20;1;149;13711557;13719272
chr20;1;150;13719272;13725155
chr20;1;151;13725155;13727293
chr20;1;152;13727293;13744332
chr20;1;153;13744332;13754825
chr20;1;154;13754825;13757397
chr20;1;155;13757397;13765031
chr20;1;156;13765031;13774630
chr20;1;157;13774630;13797802
chr20;1;158;13797802;13806212
chr20;1;159;13806212;13809809
chr20;1;160;13809809;13810947
chr20;1;161;13810947;13813802
chr20;1;162;13813802;13817536
chr20;1;163;13817536;13819943
chr20;1;164;13819943;13822764
chr20;1;165;13822764;13825077
chr20;1;166;13825077;13830447
chr20;1;167;13830447;13835997
chr20;1;168;13835997;13847319
chr20;1;169;13847319;13856668
chr20;1;170;13856668;13864719
chr20;1;171;13864719;13865859
chr20;1;172;13865859;13866971
chr20;1;173;13866971;13879313
chr20;1;174;13879313;13880338
chr20;1;175;13880338;13886739
chr20;1;176;13886739;13894230
chr20;1;177;13894230;13894382
chr20;1;178;13894382;13895274
chr20;1;179;13895274;13895784
chr20;1;180;13895784;13904237
chr20;1;181;13904237;13904666
chr20;1;182;13904666;13905692
chr20;1;183;13905692;13909740
chr20;1;184;13909740;13916097
chr20;1;185;13916097;13918087
chr20;1;186;13918087;13942830
chr20;1;187;13942830;13948366
chr20;1;188;13948366;13954851
chr20;1;189;13954851;13959476
chr20;1;190;13959476;13985290
chr20;1;191;13985290;13991646
chr20;1;192;13991646;14006189
chr20;1;193;14006189;14009228
chr20;1;194;14009228;14029784
chr20;1;195;14029784;14047425
chr20;1;196;14047425;14049681
chr20;1;197;14049681;14051590
chr20;1;198;14051590;14058732
chr20;1;199;14058732;14061239
chr20;1;200;14061239;14062650
chr20;1;201;14062650;14064426
chr20;1;202;14064426;14082237
chr20;1;203;14082237;14089831
chr20;1;204;14089831;14095775
chr20;1;205;14095775;14109980
chr20;1;206;14109980;14119071
chr20;1;207;14119071;14135480
chr20;1;208;14135480;14147046
chr20;1;209;14147046;14162342
chr20;1;210;14162342;14164556
chr20;1;211;14164556;14177291
chr20;1;212;14177291;14187843
chr20;1;213;14187843;14196181
chr20;1;214;14196181;14202868
chr20;1;215;14202868;14203750
chr20;1;216;14203750;14207759
chr20;1;217;14207759;14222428
chr20;1;218;14222428;14231148
chr20;1;219;14231148;14238262
chr20;1;220;14238262;14240490
chr20;1;221;14240490;14241641
chr20;1;222;14241641;14243179
chr20;1;223;14243179;14255620
chr20;1;224;14255620;14260761
chr20;1;225;14260761;14268032
chr20;1;226;14268032;14287423
chr20;1;227;14287423;14291083
chr20;1;228;14291083;14300008
chr20;1;229;14300008;14307848
chr20;1;230;14307848;14313167
chr20;1;231;14313167;14334494
chr20;1;232;14334494;14338544
chr20;1;233;14338544;14341584
chr20;1;234;14341584;14346509
chr20;1;235;14346509;14350710
chr20;1;236;14350710;14351856
chr20;1;237;14351856;14352800
chr20;1;238;14352800;14352827
chr20;1;239;14352827;14353373
chr20;1;240;14353373;14355753
chr20;1;241;14355753;14356087
chr20;1;242;14356087;14359578
chr20;1;243;14359578;14363702
chr20;1;244;14363702;14367454
chr20;1;245;14367454;14368699
chr20;1;246;14368699;14378816
chr20;1;247;14378816;14385518
chr20;1;248;14385518;14396675
chr20;1;249;14396675;14400465
chr20;1;250;14400465;14418939
chr20;1;251;14418939;14428384
chr20;1;252;14428384;14435797
chr20;1;253;14435797;14443778
chr20;1;254;14443778;14456992
chr20;1;255;14456992;14470658
chr20;1;256;14470658;14471428
chr20;1;257;14471428;14476388
chr20;1;258;14476388;14477502
chr20;1;259;14477502;14479449
chr20;1;260;14479449;14483041
chr20;1;261;14483041;14488239
chr20;1;262;14488239;14489252
chr20;1;263;14489252;14489288
chr20;1;264;14489288;14493667
chr20;1;265;14493667;14496093
chr20;1;266;14496093;14507774
chr20;1;267;14507774;14510470
chr20;1;268;14510470;14510566
chr20;1;269;14510566;14513936
chr20;1;270;14513936;14517384
chr20;1;271;14517384;14522407
chr20;1;272;14522407;14524297
chr20;1;273;14524297;14527515
chr20;1;274;14527515;14528231
chr20;1;275;14528231;14542657
chr20;1;276;14542657;14548924
chr20;1;277;14548924;14555052
chr20;1;278;14555052;14569033
chr20;1;279;14569033;14571343
chr20;1;280;14571343;14584211
chr20;1;281;14584211;14593331
chr20;1;282;14593331;14596049
chr20;1;283;14596049;14599433
chr20;1;284;14599433;14602267
chr20;1;285;14602267;14607094
chr20;1;286;14607094;14616384
chr20;1;287;14616384;14619073
chr20;1;288;14619073;14619998
chr20;1;289;14619998;14622599
chr20;1;290;14622599;14630044
chr20;1;291;14630044;14633231
chr20;1;292;14633231;14639565
chr20;1;293;14639565;14645031
chr20;1;294;14645031;14661753
chr20;1;295;14661753;14665595
chr20;1;296;14665595;14666416
chr20;1;297;14666416;14668725
chr20;1;298;14668725;14670213
chr20;1;299;14670213;14682855
chr20;1;300;14682855;14688668
chr20;1;301;14688668;14694411
chr20;1;302;14694411;14696996
chr20;1;303;14696996;14699030
chr20;1;304;14699030;14705801
chr20;1;305;14705801;14708906
chr20;1;306;14708906;14715574
chr20;1;307;14715574;14716195
chr20;1;308;14716195;14727435
chr20;1;309;14727435;14739520
chr20;1;310;14739520;14744165
chr20;1;311;14744165;14746042
chr20;1;312;14746042;14758763
chr20;1;313;14758763;14763023
chr20;1;314;14763023;14764902
chr20;1;315;14764902;14770077
chr20;1;316;14770077;14781100
chr20;1;317;14781100;14789453
chr20;1;318;14789453;14790621
chr20;1;319;14790621;14799831
chr20;1;320;14799831;14806677
chr20;1;321;14806677;14810820
chr20;1;322;14810820;14812911
chr20;1;323;14812911;14829443
chr20;1;324;14829443;14839586
chr20;1;325;14839586;14847382
chr20;1;326;14847382;14847772
chr20;1;327;14847772;14848184
chr20;1;328;14848184;14854605
chr20;1;329;14854605;14858864
chr20;1;330;14858864;14870351
chr20;1;331;14870351;14870969
chr20;1;332;14870969;14872049
chr20;1;333;14872049;14881020
chr20;1;334;14881020;14887614
chr20;1;335;14887614;14898120
chr20;1;336;14898120;14901424
chr20;1;337;14901424;14909022
chr20;1;338;14909022;14913492
chr20;1;339;14913492;14914324
chr20;1;340;14914324;14915366
chr20;1;341;14915366;14915518
chr20;1;342;14915518;14916086
chr20;1;343;14916086;14922281
chr20;1;344;14922281;14924629
chr20;1;345;14924629;14925220
chr20;1;346;14925220;14926952
chr20;1;347;14926952;14930254
chr20;1;348;14930254;14930575
chr20;1;349;14930575;14934898
chr20;1;350;14934898;14941303
chr20;1;351;14941303;14942159
chr20;1;352;14942159;14950956
chr20;1;353;14950956;14952548
chr20;1;354;14952548;14958483
chr20;1;355;14958483;14960976
chr20;1;356;14960976;14962792
chr20;1;357;14962792;14966248
chr20;1;358;14966248;14972787
chr20;1;359;14972787;14978225
chr20;1;360;14978225;14983420
chr20;1;361;14983420;14988142
chr20;1;362;14988142;14990975
chr20;1;363;14990975;14991901
chr20;1;364;14991901;15001501
chr20;1;365;15001501;15007495
chr20;1;366;15007495;15008066
chr20;1;367;15008066;15008344
chr20;1;368;15008344;15015035
chr20;1;369;15015035;15018241
chr20;1;370;15018241;15023604
chr20;1;371;15023604;15029439
chr20;1;372;15029439;15031303
chr20;1;373;15031303;15035019
chr20;1;374;15035019;15036411
chr20;1;375;15036411;15052848
chr20;1;376;15052848;15053927
chr20;1;377;15053927;15057528
chr20;1;378;15057528;15058726
chr20;1;379;15058726;15059272
chr20;1;380;15059272;15059484
chr20;1;381;15059484;15059638
chr20;1;382;15059638;15060078
chr20;1;383;15060078;15060896
chr20;1;384;15060896;15064279
chr20;1;385;15064279;15065790
chr20;1;386;15065790;15065936
chr20;1;387;15065936;15068885
chr20;1;388;15068885;15076761
chr20;1;389;15076761;15081623
chr20;1;390;15081623;15088830
chr20;1;391;15088830;15089914
chr20;1;392;15089914;15090871
chr20;1;393;15090871;15096536
chr20;1;394;15096536;15097774
chr20;1;395;15097774;15101189
chr20;1;396;15101189;15104830
chr20;1;397;15104830;15106963
chr20;1;398;15106963;15113288
chr20;1;399;15113288;15119643
chr20;1;400;15119643;15119773
chr20;1;401;15119773;15121431
chr20;1;402;15121431;15123044
chr20;1;403;15123044;15138780
chr20;1;404;15138780;15140882
chr20;1;405;15140882;15148036
chr20;1;406;15148036;15148587
chr20;1;407;15148587;15149028
chr20;1;408;15149028;15152952
chr20;1;409;15152952;15153363
chr20;1;410;15153363;15160439
chr20;1;411;15160439;15162267
chr20;1;412;15162267;15166541
chr20;1;413;15166541;15169449
chr20;1;414;15169449;15169518
chr20;1;415;15169518;15172589
chr20;1;416;15172589;15176258
chr20;1;417;15176258;15190848
chr20;1;418;15190848;15192122
chr20;1;419;15192122;15192632
chr20;1;420;15192632;15203116
chr20;1;421;15203116;15215859
chr20;1;422;15215859;15222208
chr20;1;423;15222208;15223391
chr20;1;424;15223391;15225661
chr20;1;425;15225661;15227665
chr20;1;426;15227665;15231120
chr20;1;427;15231120;15235653
chr20;1;428;15235653;15239367
chr20;1;429;15239367;15239542
chr20;1;430;15239542;15239592
chr20;1;431;15239592;15240240
chr20;1;432;15240240;15240428
chr20;1;433;15240428;15240612
chr20;1;434;15240612;15241776
chr20;1;435;15241776;15244779
chr20;1;436;15244779;15245879
chr20;1;437;15245879;15249105
chr20;1;438;15249105;15255503
chr20;1;439;15255503;15258428
chr20;1;440;15258428;15266282
chr20;1;441;15266282;15266626
chr20;1;442;15266626;15268486
chr20;1;443;15268486;15271163
chr20;1;444;15271163;15271870
chr20;1;445;15271870;15275525
chr20;1;446;15275525;15276915
chr20;1;447;15276915;15277636
chr20;1;448;15277636;15277914
chr20;1;449;15277914;15278556
chr20;1;450;15278556;15280928
chr20;1;451;15280928;15284299
chr20;1;452;15284299;15288941
chr20;1;453;15288941;15290992
chr20;1;454;15290992;15295445
chr20;1;455;15295445;15296898
chr20;1;456;15296898;15301805
chr20;1;457;15301805;15313729
chr20;1;458;15313729;15314648
chr20;1;459;15314648;15319736
chr20;1;460;15319736;15323362
chr20;1;461;15323362;15327340
chr20;1;462;15327340;15330605
chr20;1;463;15330605;15342935
chr20;1;464;15342935;15346426
chr20;1;465;15346426;15350338
chr20;1;466;15350338;15350942
chr20;1;467;15350942;15355699
chr20;1;468;15355699;15358599
chr20;1;469;15358599;15361062
chr20;1;470;15361062;15367362
chr20;1;471;15367362;15368059
chr20;1;472;15368059;15368364
chr20;1;473;15368364;15368927
chr20;1;474;15368927;15370042
chr20;1;475;15370042;15370667
chr20;1;476;15370667;15371444
chr20;1;477;15371444;15372817
chr20;1;478;15372817;15373174
chr20;1;479;15373174;15374377
chr20;1;480;15374377;15374711
chr20;1;481;15374711;15375349
chr20;1;482;15375349;15375890
chr20;1;483;15375890;15379301
chr20;1;484;15379301;15384287
chr20;1;485;15384287;15384349
chr20;1;486;15384349;15384404
chr20;1;487;15384404;15386875
chr20;1;488;15386875;15388031
chr20;1;489;15388031;15388181
chr20;1;490;15388181;15389094
chr20;1;491;15389094;15398209
chr20;1;492;15398209;15403489
chr20;1;493;15403489;15412745
chr20;1;494;15412745;15424174
chr20;1;495;15424174;15431129
chr20;1;496;15431129;15431722
chr20;1;497;15431722;15432057
chr20;1;498;15432057;15432210
chr20;1;499;15432210;15432383
chr20;1;500;15432383;15432584
chr20;1;501;15432584;15432897
chr20;1;502;15432897;15433291
chr20;1;503;15433291;15433703
chr20;1;504;15433703;15434077
chr20;1;505;15434077;15436351
chr20;1;506;15436351;15436856
chr20;1;507;15436856;15437858
chr20;1;508;15437858;15440765
chr20;1;509;15440765;15441088
chr20;1;510;15441088;15441149
chr20;1;511;15441149;15449791
chr20;1;512;15449791;15452702
chr20;1;513;15452702;15458087
chr20;1;514;15458087;15458420
chr20;1;515;15458420;15462448
chr20;1;516;15462448;15464751
chr20;1;517;15464751;15465764
chr20;1;518;15465764;15466952
chr20;1;519;15466952;15474413
chr20;1;520;15474413;15481007
chr20;1;521;15481007;15481436
chr20;1;522;15481436;15485026
chr20;1;523;15485026;15488650
chr20;1;524;15488650;15492221
chr20;1;525;15492221;15495697
chr20;1;526;15495697;15498861
chr20;1;527;15498861;15499899
chr20;1;528;15499899;15504016
chr20;1;529;15504016;15508596
chr20;1;530;15508596;15515291
chr20;1;531;15515291;15515486
chr20;1;532;15515486;15521075
chr20;1;533;15521075;15529279
chr20;1;534;15529279;15529838
chr20;1;535;15529838;15537294
chr20;1;536;15537294;15538724
chr20;1;537;15538724;15540846
chr20;1;538;15540846;15543844
chr20;1;539;15543844;15544101
chr20;1;540;15544101;15545197
chr20;1;541;15545197;15546929
chr20;1;542;15546929;15549418
chr20;1;543;15549418;15550874
chr20;1;544;15550874;15554291
chr20;1;545;15554291;15555870
chr20;1;546;15555870;15556179
chr20;1;547;15556179;15560897
chr20;1;548;15560897;15561081
chr20;1;549;15561081;15561596
chr20;1;550;15561596;15561974
chr20;1;551;15561974;15562573
chr20;1;552;15562573;15563799
chr20;1;553;15563799;15563967
chr20;1;554;15563967;15564659
chr20;1;555;15564659;15564960
chr20;1;556;15564960;15565135
chr20;1;557;15565135;15566047
chr20;1;558;15566047;15567189
chr20;1;559;15567189;15567948
chr20;1;560;15567948;15568149
chr20;1;561;15568149;15570323
chr20;1;562;15570323;15570596
chr20;1;563;15570596;15572177
chr20;1;564;15572177;15574985
chr20;1;565;15574985;15576406
chr20;1;566;15576406;15576523
chr20;1;567;15576523;15576562
chr20;1;568;15576562;15579725
chr20;1;569;15579725;15581270
chr20;1;570;15581270;15587512
chr20;1;571;15587512;15589709
chr20;1;572;15589709;15595514
chr20;1;573;15595514;15602639
chr20;1;574;15602639;15608572
chr20;1;575;15608572;15611585
chr20;1;576;15611585;15615006
chr20;1;577;15615006;15615333
chr20;1;578;15615333;15617121
chr20;1;579;15617121;15619156
chr20;1;580;15619156;15619825
chr20;1;581;15619825;15620762
chr20;1;582;15620762;15624937
chr20;1;583;15624937;15628209
chr20;1;584;15628209;15629021
chr20;1;585;15629021;15631547
chr20;1;586;15631547;15639232
chr20;1;587;15639232;15646084
chr20;1;588;15646084;15647373
chr20;1;589;15647373;15651511
chr20;1;590;15651511;15651926
chr20;1;591;15651926;15652096
chr20;1;592;15652096;15652527
chr20;1;593;15652527;15652970
chr20;1;594;15652970;15653406
chr20;1;595;15653406;15653481
chr20;1;596;15653481;15653530
chr20;1;597;15653530;15653578
chr20;1;598;15653578;15653940
chr20;1;599;15653940;15654019
chr20;1;600;15654019;15654932
chr20;1;601;15654932;15655516
chr20;1;602;15655516;15659118
chr20;1;603;15659118;15660065
chr20;1;604;15660065;15662157
chr20;1;605;15662157;15662990
chr20;1;606;15662990;15665177
chr20;1;607;15665177;15666653
chr20;1;608;15666653;15670086
chr20;1;609;15670086;15672588
chr20;1;610;15672588;15675114
chr20;1;611;15675114;15675332
chr20;1;612;15675332;15675378
chr20;1;613;15675378;15675669
chr20;1;614;15675669;15676631
chr20;1;615;15676631;15677934
chr20;1;616;15677934;15678974
chr20;1;617;15678974;15684511
chr20;1;618;15684511;15687710
chr20;1;619;15687710;15687777
chr20;1;620;15687777;15688091
chr20;1;621;15688091;15688831
chr20;1;622;15688831;15688973
chr20;1;623;15688973;15689824
chr20;1;624;15689824;15690113
chr20;1;625;15690113;15690450
chr20;1;626;15690450;15691201
chr20;1;627;15691201;15692442
chr20;1;628;15692442;15693925
chr20;1;629;15693925;15695078
chr20;1;630;15695078;15696050
chr20;1;631;15696050;15697371
chr20;1;632;15697371;15698606
chr20;1;633;15698606;15701807
chr20;1;634;15701807;15703251
chr20;1;635;15703251;15704809
chr20;1;636;15704809;15710273
chr20;1;637;15710273;15715819
chr20;1;638;15715819;15718571
chr20;1;639;15718571;15720552
chr20;1;640;15720552;15722483
chr20;1;641;15722483;15729137
chr20;1;642;15729137;15729798
chr20;1;643;15729798;15730496
chr20;1;644;15730496;15733166
chr20;1;645;15733166;15736822
chr20;1;646;15736822;15737914
chr20;1;647;15737914;15739663
chr20;1;648;15739663;15740177
chr20;1;649;15740177;15740831
chr20;1;650;15740831;15741668
chr20;1;651;15741668;15742865
chr20;1;652;15742865;15743652
chr20;1;653;15743652;15744397
chr20;1;654;15744397;15746050
chr20;1;655;15746050;15747752
chr20;1;656;15747752;15753603
chr20;1;657;15753603;15756205
chr20;1;658;15756205;15757158
chr20;1;659;15757158;15760385
chr20;1;660;15760385;15765642
chr20;1;661;15765642;15773072
chr20;1;662;15773072;15773748
chr20;1;663;15773748;15777215
chr20;1;664;15777215;15777723
chr20;1;665;15777723;15782638
chr20;1;666;15782638;15786612
chr20;1;667;15786612;15792107
chr20;1;668;15792107;15793368
chr20;1;669;15793368;15796397
chr20;1;670;15796397;15799670
chr20;1;671;15799670;15799963
chr20;1;672;15799963;15803495
chr20;1;673;15803495;15804898
chr20;1;674;15804898;15805228
chr20;1;675;15805228;15806048
chr20;1;676;15806048;15806451
chr20;1;677;15806451;15806653
chr20;1;678;15806653;15809771
chr20;1;679;15809771;15811322
chr20;1;680;15811322;15811532
chr20;1;681;15811532;15815689
chr20;1;682;15815689;15816901
chr20;1;683;15816901;15818415
chr20;1;684;15818415;15820434
chr20;1;685;15820434;15821453
chr20;1;686;15821453;15821778
chr20;1;687;15821778;15823422
chr20;1;688;15823422;15825009
chr20;1;689;15825009;15841921
chr20;1;690;15841921;15843688
chr20;1;691;15843688;15845163
chr20;1;692;15845163;15852479
chr20;1;693;15852479;15858839
chr20;1;694;15858839;15859869
chr20;1;695;15859869;15861361
chr20;1;696;15861361;15874267
chr20;1;697;15874267;15874883
chr20;1;698;15874883;15878661
chr20;1;699;15878661;15880996
chr20;1;700;15880996;15887769
chr20;1;701;15887769;15888206
chr20;1;702;15888206;15889766
chr20;1;703;15889766;15890712
chr20;1;704;15890712;15894940
chr20;1;705;15894940;15898581
chr20;1;706;15898581;15908690
chr20;1;707;15908690;15925689
chr20;1;708;15925689;15930541
chr20;1;709;15930541;15932755
chr20;1;710;15932755;15937376
chr20;1;711;15937376;15937782
chr20;1;712;15937782;15938409
chr20;1;713;15938409;15941066
chr20;1;714;15941066;15942890
chr20;1;715;15942890;15945898
chr20;1;716;15945898;15947914
chr20;1;717;15947914;15950493
chr20;1;718;15950493;15955288
chr20;1;719;15955288;15956067
chr20;1;720;15956067;15957606
chr20;1;721;15957606;15957830
chr20;1;722;15957830;15958074
chr20;1;723;15958074;15958143
chr20;1;724;15958143;15959053
chr20;1;725;15959053;15959190
chr20;1;726;15959190;15960134
chr20;1;727;15960134;15962274
chr20;1;728;15962274;15963247
chr20;1;729;15963247;15963405
chr20;1;730;15963405;15964009
chr20;1;731;15964009;15965803
chr20;1;732;15965803;15966639
chr20;1;733;15966639;15967489
chr20;1;734;15967489;15968264
chr20;1;735;15968264;15970195
chr20;1;736;15970195;15971442
chr20;1;737;15971442;15972687
chr20;1;738;15972687;15972891
chr20;1;739;15972891;15974388
chr20;1;740;15974388;15978720
chr20;1;741;15978720;15984577
chr20;1;742;15984577;15986763
chr20;1;743;15986763;15987697
chr20;1;744;15987697;15988449
chr20;1;745;15988449;15989752
chr20;1;746;15989752;15989787
chr20;1;747;15989787;15990680
chr20;1;748;15990680;15993393
chr20;1;749;15993393;15997015
chr20;1;750;15997015;16003244
chr20;1;751;16003244;16009394
chr20;1;752;16009394;16010605
chr20;1;753;16010605;16010860
chr20;1;754;16010860;16011306
chr20;1;755;16011306;16011574
chr20;1;756;16011574;16012764
chr20;1;757;16012764;16013069
chr20;1;758;16013069;16013763
chr20;1;759;16013763;16014856
chr20;1;760;16014856;16016837
chr20;1;761;16016837;16017904
chr20;1;762;16017904;16021072
chr20;1;763;16021072;16022678
chr20;1;764;16022678;16023401
chr20;1;765;16023401;16023984
chr20;1;766;16023984;16024605
chr20;1;767;16024605;16026786
chr20;1;768;16026786;16027406
chr20;1;769;16027406;16028303
chr20;1;770;16028303;16028608
chr20;1;771;16028608;16028857
chr20;1;772;16028857;16031426
chr20;1;773;16031426;16033972
chr20;1;774;16033972;16040348
chr20;1;775;16040348;16044696
chr20;1;776;16044696;16045597
chr20;1;777;16045597;16049639
chr20;1;778;16049639;16055683
chr20;1;779;16055683;16056767
chr20;1;780;16056767;16057112
chr20;1;781;16057112;16057284
chr20;1;782;16057284;16057847
chr20;1;783;16057847;16059073
chr20;1;784;16059073;16062159
chr20;1;785;16062159;16062625
chr20;1;786;16062625;16066948
chr20;1;787;16066948;16069867
chr20;1;788;16069867;16072055
chr20;1;789;16072055;16072730
chr20;1;790;16072730;16074773
chr20;1;791;16074773;16075434
chr20;1;792;16075434;16078235
chr20;1;793;16078235;16079016
chr20;1;794;16079016;16083417
chr20;1;795;16083417;16085183
chr20;1;796;16085183;16088078
chr20;1;797;16088078;16092158
chr20;1;798;16092158;16097902
chr20;1;799;16097902;16102983
chr20;1;800;16102983;16106395
chr20;1;801;16106395;16115714
chr20;1;802;16115714;16121659
chr20;1;803;16121659;16122860
chr20;1;804;16122860;16128137
chr20;1;805;16128137;16139201
chr20;1;806;16139201;16141253
chr20;1;807;16141253;16141528
chr20;1;808;16141528;16145444
chr20;1;809;16145444;16146881
chr20;1;810;16146881;16151142
chr20;1;811;16151142;16151499
chr20;1;812;16151499;16153292
chr20;1;813;16153292;16154291
chr20;1;814;16154291;16159024
chr20;1;815;16159024;16159309
chr20;1;816;16159309;16160849
chr20;1;817;16160849;16164578
chr20;1;818;16164578;16165393
chr20;1;819;16165393;16167781
chr20;1;820;16167781;16168170
chr20;1;821;16168170;16168538
chr20;1;822;16168538;16169490
chr20;1;823;16169490;16169532
chr20;1;824;16169532;16170894
chr20;1;825;16170894;16171018
chr20;1;826;16171018;16173669
chr20;1;827;16173669;16176606
chr20;1;828;16176606;16182607
chr20;1;829;16182607;16187775
chr20;1;830;16187775;16192635
chr20;1;831;16192635;16193613
chr20;1;832;16193613;16193894
chr20;1;833;16193894;16194161
chr20;1;834;16194161;16196003
chr20;1;835;16196003;16198722
chr20;1;836;16198722;16201489
chr20;1;837;16201489;16206628
chr20;1;838;16206628;16210106
chr20;1;839;16210106;16216127
chr20;1;840;16216127;16223561
chr20;1;841;16223561;16227663
chr20;1;842;16227663;16233013
chr20;1;843;16233013;16234934
chr20;1;844;16234934;16236686
chr20;1;845;16236686;16238469
chr20;1;846;16238469;16238850
chr20;1;847;16238850;16240137
chr20;1;848;16240137;16243804
chr20;1;849;16243804;16249910
chr20;1;850;16249910;16251003
chr20;1;851;16251003;16252769
chr20;1;852;16252769;16261558
chr20;1;853;16261558;16264556
chr20;1;854;16264556;16266222
chr20;1;855;16266222;16271916
chr20;1;856;16271916;16272153
chr20;1;857;16272153;16272663
chr20;1;858;16272663;16277160
chr20;1;859;16277160;16279577
chr20;1;860;16279577;16285649
chr20;1;861;16285649;16294607
chr20;1;862;16294607;16303409
chr20;1;863;16303409;16306784
chr20;1;864;16306784;16315212
chr20;1;865;16315212;16323545
chr20;1;866;16323545;16325029
chr20;1;867;16325029;16335639
chr20;1;868;16335639;16338799
chr20;1;869;16338799;16348709
chr20;1;870;16348709;16349954
chr20;1;871;16349954;16360303
chr20;1;872;16360303;16367887
chr20;1;873;16367887;16373143
chr20;1;874;16373143;16381801
chr20;1;875;16381801;16383545
chr20;1;876;16383545;16388083
chr20;1;877;16388083;16389529
chr20;1;878;16389529;16394129
chr20;1;879;16394129;16398324
chr20;1;880;16398324;16411277
chr20;1;881;16411277;16420053
chr20;1;882;16420053;16428125
chr20;1;883;16428125;16431745
chr20;1;884;16431745;16448883
chr20;1;885;16448883;16455382
chr20;1;886;16455382;16459321
chr20;1;887;16459321;16459435
chr20;1;888;16459435;16463227
chr20;1;889;16463227;16464036
chr20;1;890;16464036;16464927
chr20;1;891;16464927;16468761
chr20;1;892;16468761;16472454
chr20;1;893;16472454;16477936
chr20;1;894;16477936;16479610
chr20;1;895;16479610;16487159
chr20;1;896;16487159;16494107
chr20;1;897;16494107;16509176
chr20;1;898;16509176;16512076
chr20;1;899;16512076;16514519
chr20;1;900;16514519;16514934
chr20;1;901;16514934;16515036
chr20;1;902;16515036;16520599
chr20;1;903;16520599;16526920
chr20;1;904;16526920;16529112
chr20;1;905;16529112;16533624
chr20;1;906;16533624;16536909
chr20;1;907;16536909;16541725
chr20;1;908;16541725;16543020
chr20;1;909;16543020;16545042
chr20;1;910;16545042;16548486
chr20;1;911;16548486;16552679
chr20;1;912;16552679;16553206
chr20;1;913;16553206;16568143
chr20;1;914;16568143;16568563
chr20;1;915;16568563;16573138
chr20;1;916;16573138;16577569
chr20;1;917;16577569;16580121
chr20;1;918;16580121;16581244
chr20;1;919;16581244;16585256
chr20;1;920;16585256;16587775
chr20;1;921;16587775;16588232
chr20;1;922;16588232;16597357
chr20;1;923;16597357;16601906
chr20;1;924;16601906;16602897
chr20;1;925;16602897;16603632
chr20;1;926;16603632;16605889
chr20;1;927;16605889;16607049
chr20;1;928;16607049;16609050
chr20;1;929;16609050;16610662
chr20;1;930;16610662;16611274
chr20;1;931;16611274;16611974
chr20;1;932;16611974;16614146
chr20;1;933;16614146;16631272
chr20;1;934;16631272;16637375
chr20;1;935;16637375;16637963
chr20;1;936;16637963;16642479
chr20;1;937;16642479;16645649
chr20;1;938;16645649;16647277
chr20;1;939;16647277;16649195
chr20;1;940;16649195;16649456
chr20;1;941;16649456;16655281
chr20;1;942;16655281;16658777
chr20;1;943;16658777;16660442
chr20;1;944;16660442;16661958
chr20;1;945;16661958;16662234
chr20;1;946;16662234;16662878
chr20;1;947;16662878;16663325
chr20;1;948;16663325;16663643
chr20;1;949;16663643;16665287
chr20;1;950;16665287;16666413
chr20;1;951;16666413;16667527
chr20;1;952;16667527;16667607
chr20;1;953;16667607;16670059
chr20;1;954;16670059;16674860
chr20;1;955;16674860;16678664
chr20;1;956;16678664;16684132
chr20;1;957;16684132;16690696
chr20;1;958;16690696;16691463
chr20;1;959;16691463;16693092
chr20;1;960;16693092;16695054
chr20;1;961;16695054;16695209
chr20;1;962;16695209;16696310
chr20;1;963;16696310;16701100
chr20;1;964;16701100;16702956
chr20;1;965;16702956;16703218
chr20;1;966;16703218;16703615
chr20;1;967;16703615;16708867
chr20;1;968;16708867;16709832
chr20;1;969;16709832;16712855
chr20;1;970;16712855;16713610
chr20;1;971;16713610;16721312
chr20;1;972;16721312;16723632
chr20;1;973;16723632;16724150
chr20;1;974;16724150;16724359
chr20;1;975;16724359;16724533
chr20;1;976;16724533;16724809
chr20;1;977;16724809;16725714
chr20;1;978;16725714;16727199
chr20;1;979;16727199;16728957
chr20;1;980;16728957;16730602
chr20;1;981;16730602;16730969
chr20;1;982;16730969;16731772
chr20;1;983;16731772;16732687
chr20;1;984;16732687;16733418
chr20;1;985;16733418;16733799
chr20;1;986;16733799;16734292
chr20;1;987;16734292;16737016
chr20;1;988;16737016;16741084
chr20;1;989;16741084;16744098
chr20;1;990;16744098;16745388
chr20;1;991;16745388;16748968
chr20;1;992;16748968;16756403
chr20;1;993;16756403;16757048
chr20;1;994;16757048;16759686
chr20;1;995;16759686;16765306
chr20;1;996;16765306;16769995
chr20;1;997;16769995;16774018
chr20;1;998;16774018;16775635
chr20;1;999;16775635;16776059
chr20;1;1000;16776059;16782043
chr20;2;1;16782043;16782877
chr20;2;2;16782877;16788907
chr20;2;3;16788907;16793484
chr20;2;4;16793484;16794424
chr20;2;5;16794424;16796050
chr20;2;6;16796050;16796242
chr20;2;7;16796242;16797771
chr20;2;8;16797771;16798622
chr20;2;9;16798622;16809958
chr20;2;10;16809958;16810057
chr20;2;11;16810057;16811041
chr20;2;12;16811041;16814692
chr20;2;13;16814692;16815984
chr20;2;14;16815984;16822202
chr20;2;15;16822202;16824640
chr20;2;16;16824640;16827984
chr20;2;17;16827984;16833932
chr20;2;18;16833932;16848976
chr20;2;19;16848976;16849238
chr20;2;20;16849238;16850091
chr20;2;21;16850091;16850705
chr20;2;22;16850705;16853305
chr20;2;23;16853305;16853897
chr20;2;24;16853897;16854794
chr20;2;25;16854794;16855082
chr20;2;26;16855082;16856541
chr20;2;27;16856541;16856710
chr20;2;28;16856710;16857035
chr20;2;29;16857035;16857401
chr20;2;30;16857401;16857893
chr20;2;31;16857893;16858268
chr20;2;32;16858268;16859759
chr20;2;33;16859759;16862867
chr20;2;34;16862867;16865593
chr20;2;35;16865593;16867523
chr20;2;36;16867523;16869761
chr20;2;37;16869761;16873313
chr20;2;38;16873313;16876144
chr20;2;39;16876144;16877203
chr20;2;40;16877203;16878501
chr20;2;41;16878501;16882145
chr20;2;42;16882145;16884434
chr20;2;43;16884434;16887922
chr20;2;44;16887922;16889842
chr20;2;45;16889842;16898958
chr20;2;46;16898958;16901600
chr20;2;47;16901600;16901862
chr20;2;48;16901862;16903699
chr20;2;49;16903699;16906040
chr20;2;50;16906040;16906223
chr20;2;51;16906223;16908380
chr20;2;52;16908380;16914031
chr20;2;53;16914031;16914482
chr20;2;54;16914482;16915068
chr20;2;55;16915068;16923866
chr20;2;56;16923866;16924317
chr20;2;57;16924317;16925323
chr20;2;58;16925323;16927386
chr20;2;59;16927386;16929575
chr20;2;60;16929575;16930710
chr20;2;61;16930710;16940019
chr20;2;62;16940019;16943991
chr20;2;63;16943991;16950262
chr20;2;64;16950262;16956956
chr20;2;65;16956956;16957372
chr20;2;66;16957372;16958959
chr20;2;67;16958959;16960487
chr20;2;68;16960487;16967082
chr20;2;69;16967082;16979361
chr20;2;70;16979361;16982618
chr20;2;71;16982618;16985086
chr20;2;72;16985086;16986725
chr20;2;73;16986725;16987361
chr20;2;74;16987361;16993616
chr20;2;75;16993616;16996568
chr20;2;76;16996568;16998425
chr20;2;77;16998425;17010591
chr20;2;78;17010591;17016792
chr20;2;79;17016792;17017600
chr20;2;80;17017600;17020042
chr20;2;81;17020042;17021607
chr20;2;82;17021607;17025764
chr20;2;83;17025764;17029097
chr20;2;84;17029097;17035278
chr20;2;85;17035278;17035426
chr20;2;86;17035426;17039306
chr20;2;87;17039306;17040123
chr20;2;88;17040123;17041957
chr20;2;89;17041957;17042937
chr20;2;90;17042937;17046112
chr20;2;91;17046112;17047660
chr20;2;92;17047660;17053050
chr20;2;93;17053050;17062771
chr20;2;94;17062771;17066924
chr20;2;95;17066924;17075083
chr20;2;96;17075083;17078860
chr20;2;97;17078860;17081157
chr20;2;98;17081157;17083479
chr20;2;99;17083479;17084626
chr20;2;100;17084626;17100291
chr20;2;101;17100291;17107260
chr20;2;102;17107260;17110553
chr20;2;103;17110553;17114078
chr20;2;104;17114078;17129517
chr20;2;105;17129517;17134166
chr20;2;106;17134166;17142825
chr20;2;107;17142825;17149060
chr20;2;108;17149060;17151043
chr20;2;109;17151043;17158480
chr20;2;110;17158480;17167624
chr20;2;111;17167624;17173016
chr20;2;112;17173016;17176167
chr20;2;113;17176167;17190133
chr20;2;114;17190133;17197552
chr20;2;115;17197552;17207037
chr20;2;116;17207037;17210357
chr20;2;117;17210357;17210381
chr20;2;118;17210381;17212040
chr20;2;119;17212040;17212934
chr20;2;120;17212934;17216061
chr20;2;121;17216061;17229243
chr20;2;122;17229243;17232432
chr20;2;123;17232432;17240461
chr20;2;124;17240461;17251577
chr20;2;125;17251577;17252564
chr20;2;126;17252564;17258919
chr20;2;127;17258919;17263140
chr20;2;128;17263140;17264153
chr20;2;129;17264153;17271648
chr20;2;130;17271648;17275271
chr20;2;131;17275271;17277910
chr20;2;132;17277910;17279516
chr20;2;133;17279516;17294906
chr20;2;134;17294906;17297522
chr20;2;135;17297522;17304544
chr20;2;136;17304544;17313721
chr20;2;137;17313721;17315957
chr20;2;138;17315957;17317895
chr20;2;139;17317895;17324390
chr20;2;140;17324390;17327783
chr20;2;141;17327783;17330594
chr20;2;142;17330594;17334159
chr20;2;143;17334159;17338060
chr20;2;144;17338060;17338243
chr20;2;145;17338243;17343953
chr20;2;146;17343953;17344723
chr20;2;147;17344723;17352654
chr20;2;148;17352654;17355638
chr20;2;149;17355638;17364370
chr20;2;150;17364370;17365410
chr20;2;151;17365410;17367216
chr20;2;152;17367216;17375847
chr20;2;153;17375847;17380257
chr20;2;154;17380257;17397624
chr20;2;155;17397624;17398269
chr20;2;156;17398269;17411579
chr20;2;157;17411579;17419702
chr20;2;158;17419702;17428843
chr20;2;159;17428843;17431377
chr20;2;160;17431377;17435948
chr20;2;161;17435948;17445117
chr20;2;162;17445117;17446053
chr20;2;163;17446053;17449810
chr20;2;164;17449810;17450439
chr20;2;165;17450439;17450676
chr20;2;166;17450676;17451434
chr20;2;167;17451434;17452891
chr20;2;168;17452891;17455548
chr20;2;169;17455548;17466425
chr20;2;170;17466425;17470140
chr20;2;171;17470140;17475877
chr20;2;172;17475877;17477677
chr20;2;173;17477677;17481016
chr20;2;174;17481016;17481416
chr20;2;175;17481416;17483437
chr20;2;176;17483437;17484532
chr20;2;177;17484532;17485503
chr20;2;178;17485503;17485741
chr20;2;179;17485741;17485978
chr20;2;180;17485978;17486172
chr20;2;181;17486172;17486293
chr20;2;182;17486293;17486592
chr20;2;183;17486592;17487762
chr20;2;184;17487762;17488490
chr20;2;185;17488490;17488594
chr20;2;186;17488594;17489875
chr20;2;187;17489875;17491934
chr20;2;188;17491934;17492736
chr20;2;189;17492736;17493445
chr20;2;190;17493445;17494090
chr20;2;191;17494090;17495939
chr20;2;192;17495939;17498305
chr20;2;193;17498305;17502554
chr20;2;194;17502554;17504973
chr20;2;195;17504973;17505124
chr20;2;196;17505124;17507104
chr20;2;197;17507104;17507445
chr20;2;198;17507445;17511691
chr20;2;199;17511691;17522380
chr20;2;200;17522380;17529000
chr20;2;201;17529000;17532098
chr20;2;202;17532098;17533480
chr20;2;203;17533480;17535406
chr20;2;204;17535406;17536887
chr20;2;205;17536887;17539691
chr20;2;206;17539691;17543010
chr20;2;207;17543010;17543204
chr20;2;208;17543204;17543356
chr20;2;209;17543356;17544463
chr20;2;210;17544463;17547375
chr20;2;211;17547375;17548769
chr20;2;212;17548769;17550955
chr20;2;213;17550955;17556471
chr20;2;214;17556471;17558705
chr20;2;215;17558705;17559463
chr20;2;216;17559463;17562881
chr20;2;217;17562881;17567862
chr20;2;218;17567862;17577091
chr20;2;219;17577091;17578483
chr20;2;220;17578483;17584721
chr20;2;221;17584721;17592223
chr20;2;222;17592223;17596084
chr20;2;223;17596084;17597168
chr20;2;224;17597168;17597413
chr20;2;225;17597413;17597907
chr20;2;226;17597907;17601438
chr20;2;227;17601438;17602425
chr20;2;228;17602425;17604352
chr20;2;229;17604352;17605888
chr20;2;230;17605888;17606017
chr20;2;231;17606017;17607861
chr20;2;232;17607861;17608397
chr20;2;233;17608397;17608717
chr20;2;234;17608717;17610874
chr20;2;235;17610874;17610966
chr20;2;236;17610966;17613290
chr20;2;237;17613290;17621092
chr20;2;238;17621092;17622041
chr20;2;239;17622041;17622210
chr20;2;240;17622210;17627960
chr20;2;241;17627960;17630664
chr20;2;242;17630664;17637313
chr20;2;243;17637313;17642929
chr20;2;244;17642929;17649003
chr20;2;245;17649003;17654895
chr20;2;246;17654895;17663775
chr20;2;247;17663775;17667352
chr20;2;248;17667352;17667822
chr20;2;249;17667822;17669056
chr20;2;250;17669056;17674571
chr20;2;251;17674571;17675332
chr20;2;252;17675332;17689124
chr20;2;253;17689124;17690408
chr20;2;254;17690408;17698462
chr20;2;255;17698462;17703144
chr20;2;256;17703144;17707686
chr20;2;257;17707686;17710180
chr20;2;258;17710180;17717900
chr20;2;259;17717900;17720622
chr20;2;260;17720622;17724167
chr20;2;261;17724167;17727835
chr20;2;262;17727835;17727862
chr20;2;263;17727862;17733735
chr20;2;264;17733735;17735110
chr20;2;265;17735110;17738556
chr20;2;266;17738556;17746929
chr20;2;267;17746929;17750114
chr20;2;268;17750114;17754190
chr20;2;269;17754190;17756329
chr20;2;270;17756329;17757785
chr20;2;271;17757785;17760595
chr20;2;272;17760595;17763886
chr20;2;273;17763886;17767256
chr20;2;274;17767256;17771659
chr20;2;275;17771659;17771959
chr20;2;276;17771959;17778336
chr20;2;277;17778336;17781590
chr20;2;278;17781590;17782150
chr20;2;279;17782150;17783553
chr20;2;280;17783553;17788842
chr20;2;281;17788842;17789344
chr20;2;282;17789344;17796709
chr20;2;283;17796709;17802160
chr20;2;284;17802160;17806354
chr20;2;285;17806354;17808020
chr20;2;286;17808020;17809674
chr20;2;287;17809674;17810618
chr20;2;288;17810618;17810702
chr20;2;289;17810702;17813035
chr20;2;290;17813035;17813169
chr20;2;291;17813169;17813448
chr20;2;292;17813448;17814915
chr20;2;293;17814915;17819398
chr20;2;294;17819398;17821574
chr20;2;295;17821574;17823510
chr20;2;296;17823510;17824177
chr20;2;297;17824177;17828444
chr20;2;298;17828444;17829051
chr20;2;299;17829051;17829636
chr20;2;300;17829636;17831110
chr20;2;301;17831110;17832923
chr20;2;302;17832923;17835578
chr20;2;303;17835578;17841007
chr20;2;304;17841007;17841547
chr20;2;305;17841547;17843234
chr20;2;306;17843234;17850723
chr20;2;307;17850723;17851881
chr20;2;308;17851881;17852559
chr20;2;309;17852559;17853539
chr20;2;310;17853539;17853961
chr20;2;311;17853961;17854170
chr20;2;312;17854170;17854591
chr20;2;313;17854591;17856315
chr20;2;314;17856315;17858190
chr20;2;315;17858190;17858951
chr20;2;316;17858951;17861583
chr20;2;317;17861583;17861914
chr20;2;318;17861914;17863750
chr20;2;319;17863750;17866504
chr20;2;320;17866504;17869236
chr20;2;321;17869236;17869310
chr20;2;322;17869310;17870094
chr20;2;323;17870094;17870159
chr20;2;324;17870159;17872383
chr20;2;325;17872383;17873609
chr20;2;326;17873609;17877652
chr20;2;327;17877652;17879757
chr20;2;328;17879757;17884830
chr20;2;329;17884830;17886826
chr20;2;330;17886826;17887854
chr20;2;331;17887854;17890081
chr20;2;332;17890081;17890592
chr20;2;333;17890592;17894005
chr20;2;334;17894005;17896075
chr20;2;335;17896075;17896252
chr20;2;336;17896252;17900600
chr20;2;337;17900600;17902007
chr20;2;338;17902007;17905469
chr20;2;339;17905469;17906275
chr20;2;340;17906275;17906967
chr20;2;341;17906967;17907196
chr20;2;342;17907196;17907963
chr20;2;343;17907963;17908104
chr20;2;344;17908104;17908476
chr20;2;345;17908476;17908909
chr20;2;346;17908909;17912762
chr20;2;347;17912762;17917087
chr20;2;348;17917087;17919236
chr20;2;349;17919236;17924028
chr20;2;350;17924028;17924598
chr20;2;351;17924598;17929847
chr20;2;352;17929847;17933761
chr20;2;353;17933761;17943209
chr20;2;354;17943209;17946762
chr20;2;355;17946762;17954460
chr20;2;356;17954460;17955194
chr20;2;357;17955194;17964843
chr20;2;358;17964843;17973161
chr20;2;359;17973161;17975645
chr20;2;360;17975645;17976294
chr20;2;361;17976294;17977775
chr20;2;362;17977775;17980193
chr20;2;363;17980193;17986308
chr20;2;364;17986308;17989552
chr20;2;365;17989552;17989590
chr20;2;366;17989590;17990864
chr20;2;367;17990864;17995772
chr20;2;368;17995772;17995875
chr20;2;369;17995875;17998794
chr20;2;370;17998794;18001469
chr20;2;371;18001469;18003738
chr20;2;372;18003738;18005322
chr20;2;373;18005322;18008076
chr20;2;374;18008076;18011721
chr20;2;375;18011721;18013845
chr20;2;376;18013845;18015984
chr20;2;377;18015984;18019503
chr20;2;378;18019503;18019834
chr20;2;379;18019834;18020239
chr20;2;380;18020239;18020983
chr20;2;381;18020983;18022385
chr20;2;382;18022385;18025099
chr20;2;383;18025099;18026775
chr20;2;384;18026775;18030317
chr20;2;385;18030317;18031628
chr20;2;386;18031628;18032776
chr20;2;387;18032776;18035934
chr20;2;388;18035934;18036565
chr20;2;389;18036565;18038814
chr20;2;390;18038814;18040919
chr20;2;391;18040919;18041857
chr20;2;392;18041857;18044103
chr20;2;393;18044103;18046959
chr20;2;394;18046959;18049927
chr20;2;395;18049927;18050861
chr20;2;396;18050861;18052283
chr20;2;397;18052283;18053066
chr20;2;398;18053066;18054930
chr20;2;399;18054930;18055426
chr20;2;400;18055426;18057937
chr20;2;401;18057937;18058781
chr20;2;402;18058781;18059911
chr20;2;403;18059911;18060416
chr20;2;404;18060416;18062407
chr20;2;405;18062407;18064946
chr20;2;406;18064946;18068242
chr20;2;407;18068242;18073330
chr20;2;408;18073330;18083753
chr20;2;409;18083753;18087269
chr20;2;410;18087269;18087701
chr20;2;411;18087701;18089692
chr20;2;412;18089692;18091521
chr20;2;413;18091521;18096292
chr20;2;414;18096292;18098071
chr20;2;415;18098071;18100221
chr20;2;416;18100221;18105378
chr20;2;417;18105378;18115778
chr20;2;418;18115778;18118544
chr20;2;419;18118544;18123858
chr20;2;420;18123858;18124235
chr20;2;421;18124235;18128667
chr20;2;422;18128667;18133206
chr20;2;423;18133206;18138914
chr20;2;424;18138914;18141740
chr20;2;425;18141740;18147444
chr20;2;426;18147444;18152886
chr20;2;427;18152886;18159203
chr20;2;428;18159203;18160538
chr20;2;429;18160538;18172212
chr20;2;430;18172212;18182364
chr20;2;431;18182364;18185912
chr20;2;432;18185912;18187700
chr20;2;433;18187700;18191935
chr20;2;434;18191935;18193667
chr20;2;435;18193667;18196563
chr20;2;436;18196563;18198077
chr20;2;437;18198077;18204858
chr20;2;438;18204858;18207285
chr20;2;439;18207285;18207778
chr20;2;440;18207778;18210840
chr20;2;441;18210840;18214865
chr20;2;442;18214865;18220090
chr20;2;443;18220090;18221756
chr20;2;444;18221756;18225023
chr20;2;445;18225023;18226766
chr20;2;446;18226766;18234849
chr20;2;447;18234849;18235968
chr20;2;448;18235968;18240127
chr20;2;449;18240127;18247727
chr20;2;450;18247727;18251002
chr20;2;451;18251002;18253938
chr20;2;452;18253938;18259837
chr20;2;453;18259837;18261539
chr20;2;454;18261539;18274283
chr20;2;455;18274283;18280305
chr20;2;456;18280305;18285084
chr20;2;457;18285084;18285893
chr20;2;458;18285893;18286112
chr20;2;459;18286112;18289474
chr20;2;460;18289474;18290616
chr20;2;461;18290616;18292647
chr20;2;462;18292647;18299822
chr20;2;463;18299822;18300887
chr20;2;464;18300887;18305296
chr20;2;465;18305296;18306404
chr20;2;466;18306404;18311990
chr20;2;467;18311990;18323971
chr20;2;468;18323971;18324628
chr20;2;469;18324628;18339352
chr20;2;470;18339352;18343978
chr20;2;471;18343978;18347070
chr20;2;472;18347070;18348239
chr20;2;473;18348239;18351249
chr20;2;474;18351249;18354852
chr20;2;475;18354852;18358213
chr20;2;476;18358213;18358897
chr20;2;477;18358897;18361036
chr20;2;478;18361036;18363448
chr20;2;479;18363448;18365603
chr20;2;480;18365603;18366055
chr20;2;481;18366055;18366788
chr20;2;482;18366788;18367023
chr20;2;483;18367023;18370991
chr20;2;484;18370991;18374880
chr20;2;485;18374880;18378538
chr20;2;486;18378538;18379491
chr20;2;487;18379491;18387060
chr20;2;488;18387060;18389984
chr20;2;489;18389984;18399430
chr20;2;490;18399430;18400066
chr20;2;491;18400066;18404888
chr20;2;492;18404888;18405616
chr20;2;493;18405616;18411897
chr20;2;494;18411897;18415389
chr20;2;495;18415389;18416912
chr20;2;496;18416912;18418782
chr20;2;497;18418782;18420475
chr20;2;498;18420475;18424507
chr20;2;499;18424507;18432059
chr20;2;500;18432059;18443271
chr20;2;501;18443271;18449312
chr20;2;502;18449312;18449572
chr20;2;503;18449572;18451360
chr20;2;504;18451360;18453012
chr20;2;505;18453012;18453394
chr20;2;506;18453394;18454952
chr20;2;507;18454952;18455836
chr20;2;508;18455836;18480233
chr20;2;509;18480233;18482681
chr20;2;510;18482681;18483298
chr20;2;511;18483298;18485023
chr20;2;512;18485023;18489527
chr20;2;513;18489527;18493943
chr20;2;514;18493943;18508611
chr20;2;515;18508611;18516969
chr20;2;516;18516969;18517074
chr20;2;517;18517074;18524953
chr20;2;518;18524953;18541344
chr20;2;519;18541344;18542845
chr20;2;520;18542845;18553146
chr20;2;521;18553146;18558288
chr20;2;522;18558288;18562073
chr20;2;523;18562073;18565213
chr20;2;524;18565213;18566477
chr20;2;525;18566477;18567654
chr20;2;526;18567654;18571351
chr20;2;527;18571351;18573716
chr20;2;528;18573716;18578737
chr20;2;529;18578737;18590747
chr20;2;530;18590747;18596242
chr20;2;531;18596242;18604861
chr20;2;532;18604861;18612471
chr20;2;533;18612471;18637403
chr20;2;534;18637403;18648484
chr20;2;535;18648484;18653151
chr20;2;536;18653151;18654087
chr20;2;537;18654087;18659001
chr20;2;538;18659001;18666696
chr20;2;539;18666696;18667596
chr20;2;540;18667596;18676779
chr20;2;541;18676779;18676968
chr20;2;542;18676968;18678906
chr20;2;543;18678906;18679411
chr20;2;544;18679411;18685789
chr20;2;545;18685789;18690237
chr20;2;546;18690237;18702104
chr20;2;547;18702104;18711226
chr20;2;548;18711226;18719377
chr20;2;549;18719377;18722614
chr20;2;550;18722614;18726147
chr20;2;551;18726147;18731702
chr20;2;552;18731702;18743425
chr20;2;553;18743425;18744041
chr20;2;554;18744041;18744751
chr20;2;555;18744751;18750460
chr20;2;556;18750460;18751497
chr20;2;557;18751497;18757005
chr20;2;558;18757005;18766627
chr20;2;559;18766627;18770128
chr20;2;560;18770128;18775932
chr20;2;561;18775932;18780083
chr20;2;562;18780083;18785762
chr20;2;563;18785762;18786022
chr20;2;564;18786022;18792199
chr20;2;565;18792199;18793840
chr20;2;566;18793840;18799072
chr20;2;567;18799072;18799589
chr20;2;568;18799589;18800662
chr20;2;569;18800662;18801533
chr20;2;570;18801533;18803288
chr20;2;571;18803288;18807415
chr20;2;572;18807415;18808359
chr20;2;573;18808359;18808900
chr20;2;574;18808900;18815556
chr20;2;575;18815556;18817175
chr20;2;576;18817175;18829161
chr20;2;577;18829161;18834361
chr20;2;578;18834361;18849019
chr20;2;579;18849019;18853281
chr20;2;580;18853281;18855309
chr20;2;581;18855309;18865712
chr20;2;582;18865712;18879191
chr20;2;583;18879191;18885267
chr20;2;584;18885267;18890246
chr20;2;585;18890246;18897152
chr20;2;586;18897152;18897472
chr20;2;587;18897472;18897572
chr20;2;588;18897572;18897837
chr20;2;589;18897837;18898020
chr20;2;590;18898020;18898980
chr20;2;591;18898980;18899420
chr20;2;592;18899420;18899627
chr20;2;593;18899627;18900222
chr20;2;594;18900222;18900541
chr20;2;595;18900541;18900691
chr20;2;596;18900691;18902906
chr20;2;597;18902906;18906474
chr20;2;598;18906474;18909841
chr20;2;599;18909841;18912090
chr20;2;600;18912090;18919570
chr20;2;601;18919570;18922270
chr20;2;602;18922270;18925193
chr20;2;603;18925193;18927254
chr20;2;604;18927254;18928158
chr20;2;605;18928158;18928291
chr20;2;606;18928291;18936577
chr20;2;607;18936577;18943660
chr20;2;608;18943660;18944179
chr20;2;609;18944179;18944425
chr20;2;610;18944425;18948129
chr20;2;611;18948129;18951711
chr20;2;612;18951711;18956501
chr20;2;613;18956501;18958003
chr20;2;614;18958003;18959103
chr20;2;615;18959103;18959795
chr20;2;616;18959795;18962244
chr20;2;617;18962244;18962428
chr20;2;618;18962428;18963369
chr20;2;619;18963369;18964206
chr20;2;620;18964206;18966024
chr20;2;621;18966024;18966297
chr20;2;622;18966297;18966720
chr20;2;623;18966720;18967451
chr20;2;624;18967451;18968526
chr20;2;625;18968526;18968740
chr20;2;626;18968740;18969052
chr20;2;627;18969052;18969917
chr20;2;628;18969917;18970153
chr20;2;629;18970153;18971120
chr20;2;630;18971120;18971317
chr20;2;631;18971317;18971982
chr20;2;632;18971982;18972556
chr20;2;633;18972556;18973055
chr20;2;634;18973055;18973798
chr20;2;635;18973798;18976222
chr20;2;636;18976222;18977597
chr20;2;637;18977597;18978053
chr20;2;638;18978053;18979111
chr20;2;639;18979111;18979355
chr20;2;640;18979355;18986465
chr20;2;641;18986465;18991516
chr20;2;642;18991516;18993992
chr20;2;643;18993992;18994292
chr20;2;644;18994292;18995216
chr20;2;645;18995216;18995774
chr20;2;646;18995774;18996023
chr20;2;647;18996023;18996180
chr20;2;648;18996180;18996986
chr20;2;649;18996986;18998976
chr20;2;650;18998976;19000093
chr20;2;651;19000093;19007012
chr20;2;652;19007012;19012415
chr20;2;653;19012415;19016528
chr20;2;654;19016528;19017339
chr20;2;655;19017339;19021343
chr20;2;656;19021343;19025598
chr20;2;657;19025598;19027038
chr20;2;658;19027038;19031294
chr20;2;659;19031294;19044967
chr20;2;660;19044967;19045849
chr20;2;661;19045849;19054723
chr20;2;662;19054723;19054988
chr20;2;663;19054988;19055610
chr20;2;664;19055610;19057838
chr20;2;665;19057838;19057923
chr20;2;666;19057923;19060814
chr20;2;667;19060814;19061560
chr20;2;668;19061560;19062473
chr20;2;669;19062473;19063962
chr20;2;670;19063962;19066578
chr20;2;671;19066578;19066690
chr20;2;672;19066690;19072210
chr20;2;673;19072210;19082552
chr20;2;674;19082552;19084823
chr20;2;675;19084823;19087272
chr20;2;676;19087272;19094682
chr20;2;677;19094682;19095414
chr20;2;678;19095414;19097615
chr20;2;679;19097615;19098589
chr20;2;680;19098589;19100612
chr20;2;681;19100612;19104304
chr20;2;682;19104304;19105001
chr20;2;683;19105001;19106663
chr20;2;684;19106663;19107820
chr20;2;685;19107820;19108817
chr20;2;686;19108817;19109888
chr20;2;687;19109888;19110935
chr20;2;688;19110935;19117043
chr20;2;689;19117043;19127907
chr20;2;690;19127907;19131608
chr20;2;691;19131608;19135872
chr20;2;692;19135872;19137001
chr20;2;693;19137001;19148159
chr20;2;694;19148159;19150657
chr20;2;695;19150657;19150879
chr20;2;696;19150879;19165604
chr20;2;697;19165604;19190289
chr20;2;698;19190289;19196521
chr20;2;699;19196521;19196599
chr20;2;700;19196599;19198121
chr20;2;701;19198121;19213861
chr20;2;702;19213861;19215377
chr20;2;703;19215377;19217147
chr20;2;704;19217147;19224935
chr20;2;705;19224935;19236068
chr20;2;706;19236068;19236316
chr20;2;707;19236316;19237130
chr20;2;708;19237130;19240230
chr20;2;709;19240230;19247373
chr20;2;710;19247373;19258395
chr20;2;711;19258395;19260657
chr20;2;712;19260657;19262407
chr20;2;713;19262407;19264424
chr20;2;714;19264424;19268516
chr20;2;715;19268516;19271150
chr20;2;716;19271150;19282611
chr20;2;717;19282611;19286917
chr20;2;718;19286917;19296904
chr20;2;719;19296904;19301174
chr20;2;720;19301174;19306698
chr20;2;721;19306698;19318937
chr20;2;722;19318937;19323769
chr20;2;723;19323769;19336123
chr20;2;724;19336123;19336914
chr20;2;725;19336914;19342122
chr20;2;726;19342122;19347636
chr20;2;727;19347636;19353910
chr20;2;728;19353910;19356774
chr20;2;729;19356774;19359088
chr20;2;730;19359088;19359238
chr20;2;731;19359238;19360283
chr20;2;732;19360283;19362068
chr20;2;733;19362068;19364905
chr20;2;734;19364905;19374341
chr20;2;735;19374341;19375733
chr20;2;736;19375733;19380043
chr20;2;737;19380043;19384449
chr20;2;738;19384449;19387315
chr20;2;739;19387315;19392825
chr20;2;740;19392825;19394030
chr20;2;741;19394030;19398648
chr20;2;742;19398648;19412773
chr20;2;743;19412773;19413394
chr20;2;744;19413394;19419342
chr20;2;745;19419342;19422889
chr20;2;746;19422889;19429384
chr20;2;747;19429384;19436408
chr20;2;748;19436408;19440687
chr20;2;749;19440687;19444726
chr20;2;750;19444726;19445606
chr20;2;751;19445606;19448906
chr20;2;752;19448906;19452473
chr20;2;753;19452473;19454311
chr20;2;754;19454311;19454747
chr20;2;755;19454747;19455065
chr20;2;756;19455065;19455490
chr20;2;757;19455490;19456656
chr20;2;758;19456656;19459236
chr20;2;759;19459236;19460672
chr20;2;760;19460672;19462276
chr20;2;761;19462276;19462657
chr20;2;762;19462657;19471210
chr20;2;763;19471210;19472523
chr20;2;764;19472523;19474263
chr20;2;765;19474263;19480314
chr20;2;766;19480314;19487119
chr20;2;767;19487119;19493321
chr20;2;768;19493321;19496075
chr20;2;769;19496075;19502480
chr20;2;770;19502480;19512538
chr20;2;771;19512538;19514000
chr20;2;772;19514000;19515500
chr20;2;773;19515500;19517954
chr20;2;774;19517954;19523271
chr20;2;775;19523271;19526826
chr20;2;776;19526826;19528109
chr20;2;777;19528109;19531361
chr20;2;778;19531361;19533942
chr20;2;779;19533942;19536453
chr20;2;780;19536453;19538576
chr20;2;781;19538576;19543444
chr20;2;782;19543444;19544135
chr20;2;783;19544135;19546181
chr20;2;784;19546181;19551139
chr20;2;785;19551139;19554998
chr20;2;786;19554998;19573547
chr20;2;787;19573547;19578164
chr20;2;788;19578164;19578323
chr20;2;789;19578323;19581201
chr20;2;790;19581201;19585589
chr20;2;791;19585589;19586205
chr20;2;792;19586205;19591690
chr20;2;793;19591690;19599238
chr20;2;794;19599238;19603723
chr20;2;795;19603723;19606541
chr20;2;796;19606541;19607027
chr20;2;797;19607027;19614894
chr20;2;798;19614894;19615255
chr20;2;799;19615255;19615434
chr20;2;800;19615434;19615714
chr20;2;801;19615714;19616938
chr20;2;802;19616938;19620362
chr20;2;803;19620362;19623658
chr20;2;804;19623658;19624840
chr20;2;805;19624840;19624948
chr20;2;806;19624948;19630642
chr20;2;807;19630642;19637150
chr20;2;808;19637150;19637948
chr20;2;809;19637948;19642627
chr20;2;810;19642627;19646122
chr20;2;811;19646122;19648956
chr20;2;812;19648956;19665136
chr20;2;813;19665136;19666505
chr20;2;814;19666505;19667845
chr20;2;815;19667845;19668524
chr20;2;816;19668524;19675506
chr20;2;817;19675506;19683330
chr20;2;818;19683330;19689347
chr20;2;819;19689347;19689963
chr20;2;820;19689963;19690701
chr20;2;821;19690701;19695303
chr20;2;822;19695303;19697263
chr20;2;823;19697263;19703887
chr20;2;824;19703887;19708607
chr20;2;825;19708607;19708895
chr20;2;826;19708895;19709756
chr20;2;827;19709756;19712148
chr20;2;828;19712148;19712344
chr20;2;829;19712344;19712831
chr20;2;830;19712831;19712945
chr20;2;831;19712945;19713071
chr20;2;832;19713071;19713216
chr20;2;833;19713216;19714043
chr20;2;834;19714043;19715806
chr20;2;835;19715806;19717394
chr20;2;836;19717394;19719209
chr20;2;837;19719209;19721444
chr20;2;838;19721444;19724809
chr20;2;839;19724809;19727634
chr20;2;840;19727634;19729734
chr20;2;841;19729734;19735084
chr20;2;842;19735084;19736876
chr20;2;843;19736876;19737082
chr20;2;844;19737082;19747352
chr20;2;845;19747352;19747648
chr20;2;846;19747648;19748252
chr20;2;847;19748252;19750692
chr20;2;848;19750692;19755448
chr20;2;849;19755448;19756691
chr20;2;850;19756691;19759508
chr20;2;851;19759508;19760749
chr20;2;852;19760749;19764137
chr20;2;853;19764137;19764530
chr20;2;854;19764530;19768503
chr20;2;855;19768503;19772202
chr20;2;856;19772202;19778931
chr20;2;857;19778931;19780729
chr20;2;858;19780729;19788030
chr20;2;859;19788030;19790942
chr20;2;860;19790942;19793538
chr20;2;861;19793538;19797863
chr20;2;862;19797863;19799085
chr20;2;863;19799085;19800830
chr20;2;864;19800830;19801847
chr20;2;865;19801847;19805097
chr20;2;866;19805097;19807170
chr20;2;867;19807170;19808931
chr20;2;868;19808931;19812112
chr20;2;869;19812112;19814267
chr20;2;870;19814267;19814837
chr20;2;871;19814837;19815869
chr20;2;872;19815869;19817202
chr20;2;873;19817202;19818242
chr20;2;874;19818242;19819412
chr20;2;875;19819412;19823683
chr20;2;876;19823683;19827995
chr20;2;877;19827995;19832732
chr20;2;878;19832732;19836063
chr20;2;879;19836063;19839985
chr20;2;880;19839985;19841759
chr20;2;881;19841759;19845945
chr20;2;882;19845945;19846281
chr20;2;883;19846281;19846881
chr20;2;884;19846881;19847360
chr20;2;885;19847360;19848411
chr20;2;886;19848411;19849201
chr20;2;887;19849201;19849741
chr20;2;888;19849741;19854088
chr20;2;889;19854088;19857006
chr20;2;890;19857006;19860039
chr20;2;891;19860039;19864541
chr20;2;892;19864541;19867786
chr20;2;893;19867786;19868154
chr20;2;894;19868154;19869939
chr20;2;895;19869939;19871200
chr20;2;896;19871200;19871530
chr20;2;897;19871530;19871675
chr20;2;898;19871675;19876103
chr20;2;899;19876103;19877182
chr20;2;900;19877182;19880921
chr20;2;901;19880921;19881449
chr20;2;902;19881449;19881835
chr20;2;903;19881835;19884279
chr20;2;904;19884279;19884451
chr20;2;905;19884451;19884938
chr20;2;906;19884938;19885103
chr20;2;907;19885103;19886023
chr20;2;908;19886023;19887895
chr20;2;909;19887895;19889363
chr20;2;910;19889363;19891413
chr20;2;911;19891413;19892718
chr20;2;912;19892718;19896024
chr20;2;913;19896024;19901134
chr20;2;914;19901134;19901421
chr20;2;915;19901421;19901719
chr20;2;916;19901719;19902502
chr20;2;917;19902502;19906126
chr20;2;918;19906126;19906601
chr20;2;919;19906601;19906795
chr20;2;920;19906795;19908198
chr20;2;921;19908198;19908985
chr20;2;922;19908985;19910273
chr20;2;923;19910273;19912768
chr20;2;924;19912768;19913442
chr20;2;925;19913442;19914043
chr20;2;926;19914043;19914590
chr20;2;927;19914590;19915025
chr20;2;928;19915025;19915449
chr20;2;929;19915449;19917537
chr20;2;930;19917537;19917761
chr20;2;931;19917761;19919459
chr20;2;932;19919459;19920215
chr20;2;933;19920215;19920847
chr20;2;934;19920847;19921693
chr20;2;935;19921693;19922068
chr20;2;936;19922068;19928106
chr20;2;937;19928106;19930396
chr20;2;938;19930396;19933389
chr20;2;939;19933389;19934668
chr20;2;940;19934668;19935033
chr20;2;941;19935033;19936612
chr20;2;942;19936612;19943223
chr20;2;943;19943223;19943322
chr20;2;944;19943322;19949638
chr20;2;945;19949638;19950515
chr20;2;946;19950515;19952099
chr20;2;947;19952099;19953816
chr20;2;948;19953816;19955108
chr20;2;949;19955108;19955376
chr20;2;950;19955376;19956158
chr20;2;951;19956158;19957281
chr20;2;952;19957281;19959887
chr20;2;953;19959887;19962063
chr20;2;954;19962063;19965025
chr20;2;955;19965025;19966976
chr20;2;956;19966976;19967717
chr20;2;957;19967717;19969046
chr20;2;958;19969046;19969469
chr20;2;959;19969469;19969937
chr20;2;960;19969937;19971459
chr20;2;961;19971459;19975118
chr20;2;962;19975118;19977708
chr20;2;963;19977708;19980075
chr20;2;964;19980075;19983990
chr20;2;965;19983990;19985072
chr20;2;966;19985072;19985414
chr20;2;967;19985414;19986437
chr20;2;968;19986437;19986475
chr20;2;969;19986475;19986813
chr20;2;970;19986813;19987000
chr20;2;971;19987000;19992614
chr20;2;972;19992614;19997511
chr20;2;973;19997511;19999473
chr20;2;974;19999473;19999647
